<?xml version="1.0" encoding="UTF-8" standalone="yes"?><data>
\20231231,0,12,6,1,1,0,2.9,1,5.8,0,0,6.1,0,0,6.6,0,0,7.6,0,0,9.7,0.2,0,11.3,0.9,0,12.3,1,0,12.3,0.8,0,11.0,0,0,10.9,0,0,10.8,-,0,10.4,-,0,10.8,-,0,10.2,-,0,9.3,-
\20240101,0,12,5,0,0,0,9.2,0,8.7,0.8,0,9.8,1,0,10.4,1,0,10.7,1,0,11.6,1,0,12.1,1,0,12.1,1,0,11.8,1,0,11.4,1,0,10.0,0.4,0,8.8,-,0,7.3,-,0,6.4,-,0,5.7,-,0,5.3,-
\20240102,0,9,3,0,0,0,1.1,0,3.4,0,0,4.4,0,0,6.7,0.8,0,8.1,0.3,0,8.3,0,0,8.3,0,0,7.9,0,0,8.6,0,0,8.4,0,0,8.0,0,0,7.9,-,0,5.6,-,0,6.9,-,0,7.2,-,0,5.4,-
\20240103,0,11,3,0,0,0,0,0,2.9,0,0,4.8,0,0,6.2,0,0,8.0,0,0,9.1,0,0,10.2,0,0,10.8,0,0,11.0,0,0,11.1,0,0,8.7,0,0,9.6,-,0,9.6,-,0,9.1,-,0,8.7,-,0,8.2,-
\20240104,0,15,6,0,0,0,6.2,0,7.0,0,0,7.2,0,0,9.8,0.3,0,11.0,0.5,0,12.9,1,0,13.7,1,0,14.7,1,0,14.7,1,0,13.0,1,0,11.1,0.4,0,9.9,-,0,8.4,-,0,7.9,-,0,7.8,-,0,5.7,-
\20240105,0,13,2,0,0,0,7.2,0,2.5,0,0,4.5,0.5,0,6.7,1,0,9.0,1,0,10.4,0.6,0,12.2,0.8,0,12.6,1,0,12.7,1,0,12.5,1,0,10.0,0.3,0,8.4,-,0,7.9,-,0,7.3,-,0,6.0,-,0,5.1,-
\20240106,0,16,2,0,0,0,8.2,0,2.2,0.1,0,6.1,0.8,0,8.9,1,0,12.1,1,0,14.6,1,0,14.9,1,0,15.4,1,0,15.7,1,0,15.2,1,0,12.4,0.3,0,11.6,-,0,9.9,-,0,11.0,-,0,11.6,-,0,10.2,-
\20240107,0,10,6,0,0,0,1.8,0,6.3,0,0,6.8,0,0,8.0,0.1,0,8.7,0.5,0,9.6,0.7,0,9.6,0.1,0,9.6,0.2,0,9.7,0.2,0,9.5,0,0,9.1,0,0,8.6,-,0,8.0,-,0,7.2,-,0,5.9,-,0,5.7,-
\20240108,0,9,3,0,0,0,9.3,0,2.9,0.8,0,5.0,1,0,6.6,1,0,7.0,1,0,8.2,1,0,8.9,1,0,8.9,1,0,8.7,1,0,7.9,1,0,6.8,0.5,0,5.4,-,0,4.5,-,0,2.9,-,0,3.6,-,0,3.6,-
\20240109,0,10,2,0,0,0,8.8,0,1.5,0.4,0,3.4,1,0,5.1,1,0,6.3,1,0,8.3,1,0,8.6,1,0,9.3,1,0,9.8,1,0,10.1,1,0,7.9,0.4,0,6.4,-,0,5.0,-,0,3.2,-,0,3.8,-,0,2.3,-
\20240110,0,12,2,0,0,0,5.3,0,2.3,0.5,0,5.2,1,0,7.7,1,0,10.4,1,0,11.7,1,0,11.4,0.7,0,11.8,0.1,0,11.6,0,0,11.5,0,0,10.9,0,0,9.6,-,0,8.6,-,0,7.4,-,0,6.6,-,0,5.8,-
\20240111,0,7,3,0,0,0,0.8,0,3.4,0,0,4.0,0,0,4.4,0,0,5.7,0.5,0,5.8,0,0,6.5,0,0,6.4,0,0,6.9,0.3,0,6.7,0,0,6.2,0,0,5.6,-,0,4.5,-,0,4.3,-,0,3.6,-,0,2.7,-
\20240112,0,13,0,0,0,0,9.1,0,0.1,0.6,0,3.3,1,0,6.0,1,0,8.3,1,0,10.0,1,0,11.2,1,0,12.8,1,0,13.3,1,0,12.7,1,0,10.9,0.5,0,7.7,-,0,6.6,-,0,6.8,-,0,7.1,-,0,6.9,-
\20240113,0,11,1,2,5.5,0,5.6,0,3.9,0.6,0,6.4,1,0,7.2,1,0,8.3,1,0,9.3,1,0,10.6,1,0,9.9,0,0,9.4,0,0,7.3,0,2.5,3.9,0,3,1.7,-,0,0.9,-,0,1.2,-,0,1.3,-,0,1.4,-
\20240114,0,11,1,0,0,0,9,0,1.2,0.6,0,2.9,1,0,4.3,1,0,5.8,1,0,7.9,1,0,8.1,1,0,9.2,1,0,9.5,1,0,9.6,1,0,9.0,0.4,0,10.3,-,0,10.3,-,0,10.7,-,0,10.3,-,0,10.1,-
\20240115,0,11,4,0,0,0,8.3,0,5.7,0.5,0,5.9,0.4,0,8.9,0.9,0,9.9,1,0,10.3,1,0,10.7,1,0,10.5,1,0,9.7,1,0,8.0,1,0,6.7,0.5,0,5.8,-,0,5.4,-,0,5.2,-,0,4.8,-,0,4.4,-
\20240116,0,6,2,0,0,0,9.2,0,1.5,0.8,0,3.1,1,0,3.8,1,0,5.0,1,0,5.3,1,0,5.6,1,0,5.2,0.9,0,5.3,1,0,4.6,1,0,3.8,0.5,0,3.8,-,0,3.9,-,0,4.0,-,0,3.9,-,0,3.5,-
\20240117,0,12,2,0,0,0,9.4,0,2.5,0.9,0,5.0,1,0,7.3,1,0,8.6,1,0,9.3,1,0,10.3,1,0,11.2,1,0,12.3,1,0,11.1,1,0,9.1,0.5,0,6.7,-,0,6.1,-,0,5.2,-,0,4.4,-,0,5.4,-
\20240118,0,13,3,0,0,0,3.7,0,3.3,0.7,0,6.0,1,0,8.1,0.1,0,10.8,1,0,11.3,0.9,0,11.9,0,0,12.5,0,0,13.1,0,0,13.0,0,0,12.0,0,0,11.4,-,0,10.4,-,0,9.8,-,0,8.8,-,0,8.0,-
\20240119,0,13,7,0,0,0,7.1,0,8.0,0,0,9.2,0,0,10.0,0.5,0,11.8,1,0,12.4,1,0,13.3,1,0,13.0,1,0,12.4,1,0,11.2,1,0,9.8,0.6,0,8.9,-,0,8.3,-,0,7.9,-,0,7.8,-,0,7.2,-
\20240120,0,7,5,1,0.5,0,0,0,5.7,0,0,6.3,0,0,6.6,0,0,6.5,0,0,7.1,0,0,7.2,0,0,6.5,0,0,6.3,0,0,6.3,0,0,6.5,0,0,6.2,-,0,5.7,-,0,5.4,-,0,5.2,-,0.5,4.8,-
\20240121,0,12,6,6,20,0,0.5,5,6.0,0,6.5,7.4,0,2,6.0,0,2.5,6.3,0,2.5,7.1,0,1.5,7.8,0,0,8.6,0,0,9.8,0,0,10.6,0.2,0,11.2,0.3,0,11.2,-,0,11.8,-,0,11.4,-,0,11.0,-,0,10.2,-
\20240122,0,14,7,0,0,0,4.6,0,7.2,0.7,0,9.6,1,0,11.6,1,0,12.2,1,0,13.0,0.9,0,13.3,0,0,13.6,0,0,13.5,0,0,13.2,0,0,12.8,0,0,12.0,-,0,11.8,-,0,11.4,-,0,11.1,-,0,9.9,-
\20240123,0,13,4,2,3.5,0,6.8,0,7.3,0.6,0,9.1,0.9,0,10.3,0.4,0,11.4,1,0,12.3,1,0,13.0,1,0,12.9,1,0,12.1,0.6,0,11.9,0.1,0,10.9,0.2,0,10.1,-,0,9.6,-,0,8.2,-,2.5,5.7,-,1,4.3,-
\20240124,0,7,2,0,0,0,8.3,0,3.2,0.8,0,4.5,1,0,5.4,1,0,6.4,1,0,6.8,1,0,7.0,1,0,7.1,1,0,6.6,0.7,0,5.8,0.8,0,4.9,0,0,4.1,-,0,3.4,-,0,2.8,-,0,2.3,-,0,2.4,-
\20240125,0,8,3,0,0,0,9.4,0,3.2,0.7,0,5.0,1,0,6.1,1,0,7.1,1,0,7.8,1,0,8.2,1,0,8.2,1,0,7.9,1,0,7.1,1,0,5.8,0.7,0,5.1,-,0,4.6,-,0,4.2,-,0,3.7,-,0,3.5,-
\20240126,0,11,5,0,0,0,9.7,0,5.1,0.9,0,6.5,1,0,7.8,1,0,9.2,1,0,9.9,1,0,10.7,1,0,10.8,1,0,10.4,1,0,9.7,1,0,8.1,0.8,0,7.3,-,0,6.5,-,0,6.1,-,0,5.3,-,0,4.7,-
\20240127,0,12,4,0,0,0,9.5,0,3.7,0.8,0,5.8,1,0,7.9,1,0,9.4,1,0,10.5,1,0,11.0,1,0,11.7,1,0,11.7,1,0,11.0,1,0,9.4,0.7,0,8.1,-,0,7.3,-,0,6.3,-,0,5.2,-,0,4.5,-
\20240128,0,9,3,0,0,0,1.3,0,2.7,0,0,3.3,0,0,5.1,0,0,6.4,0,0,7.7,0.1,0,8.5,0.3,0,9.4,0.9,0,9.3,0,0,9.1,0,0,8.6,0,0,6.8,-,0,4.9,-,0,4.2,-,0,4.1,-,0,4.2,-
\20240129,0,11,3,0,0,0,9.6,0,3.4,0.8,0,5.5,1,0,7.3,1,0,8.2,1,0,9.0,1,0,10.6,1,0,10.2,1,0,10.4,1,0,10.3,1,0,9.4,0.8,0,8.0,-,0,7.0,-,0,5.6,-,0,4.3,-,0,4.9,-
\20240130,0,13,4,0,0,0,8.9,0,3.7,0.3,0,6.2,1,0,8.5,1,0,10.4,1,0,11.1,1,0,11.5,1,0,12.5,1,0,12.8,1,0,12.1,1,0,10.6,0.6,0,9.3,0,0,8.1,-,0,6.9,-,0,6.3,-,0,5.8,-
\20240131,0,13,4,0,0,0,8.9,0,3.9,0.1,0,6.7,1,0,8.5,1,0,10.0,1,0,11.4,1,0,12.1,1,0,12.9,1,0,13.0,1,0,13.1,1,0,12.4,0.8,0,12.7,0,0,12.8,-,0,12.9,-,0,13.3,-,0,13.2,-
\20240201,0,16,6,0,0,0,4.4,0,7.9,0.7,0,10.2,1,0,13.1,1,0,15.0,1,0,16.0,0.4,0,15.0,0,0,14.9,0,0,14.2,0,0,12.9,0.1,0,11.2,0.2,0,9.7,0,0,8.4,-,0,7.1,-,0,6.1,-,0,5.8,-
\20240202,0,5,3,0,0,0,0,0,3.4,0,0,3.1,0,0,3.6,0,0,3.6,0,0,4.0,0,0,4.6,0,0,4.6,0,0,4.5,0,0,4.7,0,0,4.5,0,0,4.5,0,0,4.3,-,0,4.4,-,0,4.3,-,0,4.4,-
\20240203,0,10,4,0,0,0,9.2,0,4.1,1,0,5.5,1,0,6.6,1,0,7.8,1,0,7.9,1,0,8.9,1,0,9.8,1,0,9.7,1,0,10.1,1,0,9.0,0.2,0,7.7,0,0,7.0,-,0,6.3,-,0,5.8,-,0,6.0,-
\20240204,0,6,3,4,3,0,0,0.5,3.6,0,1,3.8,0,1,2.8,0,0.5,3.4,0,0,4.4,0,0,5.2,0,0,5.9,0,0,6.0,0,0,6.3,0,0,6.3,0,0,5.6,0,0,5.1,-,0,5.1,-,0,4.7,-,0,4.8,-
\20240205,0,5,0,10,18.5,0,0,0,3.0,0,0,4.1,0,0,5.3,0,0,5.2,0,0,4.6,0,1,2.2,0,0.5,1.4,0,2,0.7,0,1,0.7,0,1.5,0.6,0,2,0.5,0,0.5,0.5,-,2,0.5,-,4,0.6,-,4,0.7,-
\20240206,0,4,2,3,1.5,0,0,0,2.5,0,0,2.8,0,0,2.7,0,0.5,2.7,0,0.5,3.0,0,0,3.6,0,0.5,3.6,0,0,3.9,0,0,4.0,0,0,3.9,0,0,3.6,0,0,3.4,-,0,3.4,-,0,3.3,-,0,2.9,-
\20240207,0,10,2,0,0,0,9.8,0,1.8,0.9,0,3.7,1,0,5.1,1,0,6.3,1,0,7.1,1,0,8.2,1,0,8.7,1,0,9.6,1,0,9.1,1,0,8.2,0.9,0,5.8,0,0,4.3,-,0,3.6,-,0,2.9,-,0,2.0,-
\20240208,0,11,2,0,0,0,8.1,0,2.5,0,0,4.1,0.7,0,5.6,0.9,0,6.8,0.8,0,7.8,1,0,9.7,1,0,10.6,1,0,10.2,1,0,10.0,1,0,9.2,0.7,0,7.2,0,0,6.5,-,0,4.6,-,0,4.8,-,0,5.0,-
\20240209,0,10,4,0,0,0,4.4,0,3.7,0.2,0,5.0,0.6,0,6.8,0.2,0,7.4,0.3,0,8.0,0.5,0,8.8,0.3,0,9.5,0.8,0,10.0,1,0,8.9,0.5,0,7.6,0,0,7.0,0,0,6.2,-,0,6.1,-,0,6.2,-,0,6.0,-
\20240210,0,12,3,0,0,0,9.8,0,3.1,0.8,0,5.7,1,0,7.7,1,0,9.1,1,0,10.4,1,0,11.0,1,0,11.9,1,0,11.7,1,0,11.2,1,0,9.9,1,0,9.3,0,0,7.1,-,0,6.4,-,0,6.2,-,0,6.2,-
\20240211,0,12,4,0,0,0,7.3,0,4.5,1,0,7.7,1,0,9.3,1,0,9.7,1,0,10.7,1,0,11.6,0.9,0,10.7,0.6,0,11.0,0,0,10.5,0.8,0,9.5,0,0,8.4,0,0,7.7,-,0,6.9,-,0,7.3,-,0,7.1,-
\20240212,0,11,4,0,0,0,9.4,0,4.2,0.3,0,6.9,1,0,7.7,1,0,8.4,1,0,9.4,1,0,10.4,1,0,11.1,1,0,11.2,1,0,11.2,1,0,10.4,1,0,9.1,0.1,0,6.6,-,0,6.5,-,0,5.2,-,0,4.0,-
\20240213,0,15,3,0,0,0,9.9,0,3.0,0.9,0,5.5,1,0,8.6,1,0,11.6,1,0,14.0,1,0,14.2,1,0,14.7,1,0,14.8,1,0,14.0,1,0,13.1,1,0,12.6,0,0,12.1,-,0,11.8,-,0,11.7,-,0,11.3,-
\20240214,0,17,5,0,0,0,8.8,0,5.0,1,0,8.3,1,0,11.0,1,0,13.3,1,0,15.3,1,0,16.0,1,0,17.1,1,0,17.0,1,0,15.6,0.8,0,14.2,0,0,13.3,0,0,11.6,-,0,11.0,-,0,10.5,-,0,9.2,-
\20240215,0,19,9,0,0,0,7.1,0,9.3,1,0,12.1,1,0,15.6,1,0,17.3,1,0,17.7,1,0,18.6,1,0,17.5,0.8,0,16.9,0.3,0,16.0,0,0,16.6,0,0,15.7,0,0,15.4,-,0,14.6,-,0,15.2,-,0,15.3,-
\20240216,0,13,6,0,0,0,9.9,0,8.7,1,0,9.5,1,0,10.3,1,0,11.4,1,0,11.9,1,0,13.0,1,0,13.1,1,0,12.2,1,0,10.8,1,0,9.1,0.9,0,8.3,0,0,8.0,-,0,7.9,-,0,7.6,-,0,6.3,-
\20240217,0,12,5,0,0,0,3.8,0,4.9,0,0,6.1,0.3,0,9.0,1,0,10.4,1,0,11.8,1,0,11.9,0.2,0,12.3,0,0,12.0,0,0,12.0,0.3,0,11.6,0,0,10.4,0,0,10.3,-,0,10.0,-,0,9.8,-,0,9.6,-
\20240218,0,18,10,0,0,0,7.7,0,10.1,0.3,0,11.9,1,0,13.4,1,0,15.0,1,0,16.5,1,0,18.0,1,0,18.0,0.6,0,17.9,0.5,0,16.2,1,0,15.3,0.3,0,14.1,0,0,13.2,-,0,13.7,-,0,13.2,-,0,12.8,-
\20240219,0,17,14,0,0,0,0.1,0,14.5,0,0,15.8,0.1,0,17.0,0,0,17.1,0,0,17.4,0,0,15.9,0,0,16.9,0,0,17.0,0,0,15.0,0,0,14.8,0,0,15.2,0,0,15.3,-,0,15.9,-,0,16.4,-,0,16.1,-
\20240220,0,21,14,0,0,0,4,0,16.6,0,0,17.1,0,0,18.1,0.2,0,20.4,1,0,21.2,1,0,21.1,1,0,21.2,0.5,0,20.7,0,0,20.5,0.3,0,18.0,0,0,16.7,0,0,16.1,-,0,15.5,-,0,15.0,-,0,14.5,-
\20240221,0,8,7,8,4.5,0,0,0.5,7.3,0,0,7.0,0,0,7.0,0,0.5,7.1,0,0.5,6.9,0,0,6.9,0,0.5,6.9,0,0,7.1,0,1,7.4,0,0,7.5,0,0.5,7.4,0,0.5,7.6,-,0.5,7.7,-,0,7.7,-,0,7.6,-
\20240222,0,6,4,5,3.5,0,0,1.5,5.6,0,0.5,5.9,0,0.5,5.7,0,0,5.6,0,0.5,5.4,0,0,4.8,0,0,4.9,0,0,5.1,0,0,4.9,0,0,4.5,0,0.5,4.4,0,0,4.2,-,0,4.0,-,0,3.6,-,0,4.1,-
\20240223,0,3,1,4,3,0,0,0,1.7,0,0,1.6,0,0,2.2,0,0,2.1,0,0,2.3,0,0.5,2.7,0,0,2.3,0,1,2.1,0,0.5,2.2,0,0,2.2,0,1,1.5,0,0,1.4,-,0,1.9,-,0,2.1,-,0,2.3,-
\20240224,0,8,3,0,0,0,9.7,0,2.7,1,0,4.4,1,0,5.9,1,0,7.2,1,0,7.6,1,0,8.2,1,0,8.0,1,0,8.4,1,0,8.4,1,0,7.3,0.7,0,6.6,0,0,5.4,-,0,4.4,-,0,3.0,-,0,2.7,-
\20240225,0,5,4,9,5,0,0,0,4.4,0,0,4.9,0,0,5.4,0,0,5.3,0,0,5.4,0,0.5,4.9,0,0.5,4.8,0,0.5,4.7,0,0.5,4.7,0,0,4.8,0,0.5,4.8,0,1,5.0,-,0.5,4.6,-,0.5,4.4,-,0.5,4.5,-
\20240226,0,12,6,0,0,0,6.4,0,6.5,0.5,0,8.1,0.6,0,9.4,0.7,0,11.0,1,0,10.9,0.3,0,12.3,0.7,0,12.5,1,0,11.7,0.9,0,10.5,0.2,0,9.7,0.3,0,8.1,0.2,0,7.1,-,0,6.8,-,0,6.1,-,0,5.9,-
\20240227,0,11,6,0,0,0,10.3,0,5.9,1,0,6.9,1,0,8.1,1,0,9.0,1,0,9.7,1,0,10.6,1,0,10.4,1,0,10.2,1,0,9.6,1,0,8.4,1,0,7.3,0.3,0,6.7,-,0,6.3,-,0,6.0,-,0,5.9,-
\20240228,0,13,6,0,0,0,10.3,0,5.8,1,0,7.2,1,0,8.9,1,0,10.0,1,0,11.2,1,0,12.1,1,0,12.7,1,0,12.9,1,0,12.6,1,0,11.9,1,0,10.7,0.3,0,9.1,-,0,8.1,-,0,7.4,-,0,6.2,-
\20240229,0,11,5,1,1,0,0.9,0,4.7,0,0,7.2,0.7,0,7.6,0,0,8.2,0.1,0,9.8,0.1,0,10.7,0,0,11.0,0,0,11.1,0,0,10.9,0,0,10.0,0,0,9.2,0,0,8.8,-,0,8.2,-,0,7.4,-,1,7.0,-
\20240301,0,16,4,0,0,0,6,0,4.4,0,0,5.6,0,0,7.7,0,0,10.3,0.1,0,13.7,1,0,14.8,1,0,15.6,1,0,15.4,1,0,15.3,1,0,14.3,0.9,0,12.7,0,0,10.9,-,0,10.6,-,0,11.0,-,0,10.6,-
\20240302,0,8,5,0,0,0,2.5,0,4.7,0.5,0,4.8,0.4,0,5.8,0,0,7.5,0.8,0,7.3,0,0,8.1,0.4,0,8.0,0.4,0,8.2,0,0,7.8,0,0,7.8,0,0,7.4,0,0,7.2,-,0,6.8,-,0,6.1,-,0,4.9,-
\20240303,0,11,3,0,0,0,10.2,0,2.8,0.9,0,5.8,1,0,7.7,1,0,9.9,1,0,10.1,1,0,10.5,1,0,11.1,1,0,11.1,1,0,11.0,1,0,10.6,1,0,10.2,0.3,0,9.7,-,0,9.3,-,0,9.4,-,0,8.5,-
\20240304,0,14,7,0,0,0,10.3,0,7.3,1,0,9.1,1,0,10.3,1,0,11.5,1,0,12.8,1,0,12.8,1,0,14.2,1,0,14.3,1,0,14.1,1,0,13.3,1,0,11.9,0.3,0,10.2,-,0,8.8,-,0,8.0,-,0,7.4,-
\20240305,0,7,4,9,11,0,0,0,5.5,0,0,6.5,0,0,7.4,0,0,7.3,0,0,7.4,0,0,6.8,0,1,6.3,0,1.5,6.3,0,0.5,5.9,0,1,5.7,0,1,5.5,0,2,5.2,-,1,5.0,-,1,4.7,-,2,4.1,-
\20240306,0,8,3,1,1,0,0.1,0,3.2,0,0,3.6,0,0,4.4,0,0,4.6,0,1,4.6,0,0,5.5,0,0,7.3,0,0,8.1,0,0,8.5,0.1,0,8.0,0,0,7.5,0,0,7.2,-,0,7.0,-,0,6.7,-,0,6.3,-
\20240307,0,10,5,0,0,0,3.2,0,4.7,0,0,5.3,0,0,5.5,0,0,6.5,0,0,7.7,0,0,9.5,0.9,0,9.4,0.8,0,8.9,1,0,8.3,0.5,0,7.7,0,0,7.0,0,0,6.7,-,0,6.9,-,0,6.7,-,0,6.6,-
\20240308,0,8,1,2,3,0,0.4,2.5,0.7,0,0,1.3,0,0.5,2.4,0,0,3.3,0,0,4.9,0,0,5.8,0,0,7.0,0,0,7.3,0,0,7.9,0.4,0,7.6,0,0,6.8,0,0,5.1,-,0,5.6,-,0,6.2,-,0,5.7,-
\20240309,0,10,4,0,0,0,10.1,0,4.7,0.8,0,7.5,1,0,7.7,1,0,7.9,1,0,8.8,1,0,9.7,1,0,9.5,1,0,9.6,1,0,9.1,1,0,8.3,1,0,7.0,0.3,0,5.9,-,0,5.5,-,0,4.8,-,0,3.9,-
\20240310,0,12,5,0,0,0,10.5,0,4.6,1,0,6.3,1,0,8.2,1,0,9.6,1,0,10.3,1,0,10.9,1,0,11.6,1,0,11.6,1,0,11.4,1,0,10.1,1,0,8.9,0.5,0,7.8,-,0,6.9,-,0,6.0,-,0,5.1,-
\20240311,0,13,4,0,0,0,8.8,0,4.4,1,0,6.5,1,0,8.4,1,0,9.7,1,0,12.0,1,0,12.2,1,0,12.7,1,0,12.4,1,0,11.7,0.8,0,11.3,0,0,10.5,0,0,10.2,-,0,9.8,-,0,10.1,-,0,9.8,-
\20240312,0,11,7,9,30,0,0,0,7.6,0,0,6.9,0,0.5,7.3,0,0,8.2,0,0.5,9.8,0,0.5,10.6,0,0.5,11.2,0,3,11.1,0,5.5,10.3,0,8,9.7,0,7.5,9.9,0,4,7.4,-,0,6.9,-,0,7.1,-,0,7.4,-
\20240313,0,12,7,0,0,0,10.3,0,9.0,0.9,0,9.6,1,0,10.6,1,0,10.7,1,0,11.0,1,0,12.1,1,0,12.1,1,0,12.0,1,0,11.3,1,0,10.8,1,0,9.3,0.4,0,8.4,-,0,7.9,-,0,7.2,-,0,7.2,-
\20240314,0,14,7,0,0,0,10.4,0,7.2,1,0,8.9,1,0,10.3,1,0,11.1,1,0,12.3,1,0,12.8,1,0,13.4,1,0,13.6,1,0,12.8,1,0,12.5,1,0,11.8,0.4,0,10.6,-,0,9.3,-,0,9.6,-,0,9.4,-
\20240315,0,16,9,0,0,0,10.5,0,9.3,1,0,11.0,1,0,13.3,1,0,13.4,1,0,14.7,1,0,14.6,1,0,15.4,1,0,15.6,1,0,14.6,1,0,13.8,1,0,13.0,0.5,0,12.4,-,0,11.1,-,0,10.2,-,0,9.1,-
\20240316,0,20,11,0,0,0,10.5,0,14.9,1,0,16.0,1,0,17.8,1,0,19.2,1,0,19.5,1,0,20.2,1,0,18.1,1,0,17.4,1,0,15.5,1,0,14.9,1,0,13.6,0.5,0,12.9,-,0,11.4,-,0,11.2,-,0,10.8,-
\20240317,0,18,12,0,0,0,8.5,0,12.2,0.7,0,14.3,0.5,0,16.9,1,0,17.6,1,0,18.0,1,0,18.3,1,0,17.8,1,0,17.9,0.6,0,17.2,1,0,16.2,0.7,0,16.0,0,0,16.3,-,0,16.4,-,0,15.6,-,0,15.4,-
\20240318,0,12,5,0,0,0,10.5,0,9.4,1,0,10.1,1,0,10.5,1,0,11.1,1,0,11.7,1,0,11.6,1,0,11.3,1,0,11.0,1,0,10.3,1,0,9.1,1,0,7.5,0.5,0,6.5,-,0,5.8,-,0,5.4,-,0,4.9,-
\20240319,0,11,6,0,0,0,4.3,0,5.8,0.1,0,6.4,0,0,8.6,0.4,0,10.0,1,0,9.5,0.6,0,9.9,0,0,10.8,0.3,0,11.1,0.8,0,11.0,1,0,10.2,0.1,0,9.6,0,0,9.1,-,0,9.0,-,0,8.8,-,0,8.3,-
\20240320,0,15,6,1,0.5,0,5.9,0,12.8,1,0,13.9,1,0,14.8,1,0,14.2,1,0,13.7,0.8,0,11.8,0,0,12.1,0.3,0,10.7,0,0,11.6,0.5,0,7.1,0.3,0.5,7.7,0,0,7.0,-,0,6.4,-,0,5.8,-,0,5.7,-
\20240321,0,10,5,0,0,0,10.5,0,5.7,1,0,6.7,1,0,7.5,1,0,8.7,1,0,9.7,1,0,9.6,1,0,10.0,1,0,9.9,1,0,9.2,1,0,8.5,1,0,7.4,0.5,0,6.4,-,0,5.5,-,0,4.9,-,0,4.7,-
\20240322,0,12,6,0,0,0,10.5,0,5.8,1,0,7.1,1,0,7.9,1,0,9.2,1,0,10.0,1,0,10.5,1,0,11.8,1,0,12.3,1,0,11.5,1,0,11.1,1,0,9.9,0.5,0,8.9,-,0,7.7,-,0,7.1,-,0,6.6,-
\20240323,0,7,3,2,1.5,0,0,0,3.9,0,0.5,3.3,0,1,3.5,0,0,4.2,0,0,4.6,0,0,5.0,0,0,5.4,0,0,5.6,0,0,5.4,0,0,6.1,0,0,6.5,0,0,6.6,-,0,5.6,-,0,4.8,-,0,4.8,-
\20240324,0,15,6,2,1,0,0.4,0,6.4,0.1,0,9.0,0.2,0,10.3,0,0,12.1,0.1,0,13.7,0,0,14.6,0,0,15.2,0,0,15.4,0,0,14.8,0,0,14.1,0,0,12.9,0,0.5,12.0,-,0.5,11.9,-,0,11.7,-,0,11.7,-
\20240325,0,13,11,6,4,0,0,0.5,10.9,0,1,11.3,0,1,12.0,0,0,11.9,0,0.5,12.1,0,0,12.1,0,0.5,12.3,0,0,12.4,0,0.5,12.9,0,0,12.7,0,0,12.4,0,0,12.4,-,0,12.3,-,0,11.5,-,0,11.2,-
\20240326,0,11,5,14,39.5,0,0,0,10.7,0,3,10.4,0,2.5,10.4,0,3.5,10.5,0,4.5,10.7,0,3.5,10.7,0,2,10.8,0,3,10.7,0,8,10.7,0,3,10.0,0,1,8.5,0,3,5.9,-,1.5,5.2,-,0.5,5.9,-,0.5,6.4,-
\20240327,0,15,9,0,0,0,10.4,0,9.4,1,0,10.3,1,0,11.4,1,0,12.5,1,0,13.0,1,0,14.1,1,0,14.4,1,0,14.8,1,0,15.2,1,0,14.7,1,0,11.8,0.4,0,11.0,-,0,10.3,-,0,10.1,-,0,9.5,-
\20240328,0,14,8,0,0,0,0,0,8.2,0,0,9.4,0,0,10.7,0,0,12.7,0,0,13.6,0,0,13.8,0,0,13.2,0,0,12.9,0,0,13.2,0,0,13.6,0,0,13.4,0,0,13.6,-,0,13.5,-,0,13.7,-,0,13.6,-
\20240329,0,19,14,5,9,0,3.8,0.5,15.4,0,1,15.8,0,4.5,15.8,0,2.5,16.4,0,0,17.8,0,0,17.6,0,0.5,18.4,0.2,0,18.2,1,0,19.0,1,0,17.8,1,0,16.5,0.6,0,15.9,-,0,15.6,-,0,14.9,-,0,13.5,-
\20240330,0,24,14,0,0,0,9.9,0,14.3,1,0,16.1,1,0,19.4,1,0,21.5,1,0,22.5,1,0,23.4,1,0,23.6,1,0,24.2,1,0,23.3,1,0,21.6,0.9,0,19.9,0,0,18.4,-,0,17.1,-,0,16.3,-,0,16.2,-
\20240331,0,24,16,0,0,0,9.5,0,19.5,1,0,20.9,1,0,21.9,1,0,23.0,1,0,24.3,1,0,24.5,1,0,24.5,1,0,23.1,1,0,22.2,1,0,21.5,0.5,0,18.2,0,0,16.9,-,0,16.4,-,0,16.2,-,0,16.0,-
\20240401,0,18,11,3,4,0,5,0.5,11.0,0,0,12.3,0.2,0,14.3,1,0,15.2,0.8,0,16.5,1,0,17.7,1,0,17.7,0.4,0,17.1,0,3,14.1,0,0.5,14.3,0.6,0,12.8,0,0,12.2,-,0,11.9,-,0,11.1,-,0,11.7,-
\20240402,0,18,11,0,0,0,8.5,0,11.3,1,0,13.4,1,0,15.3,1,0,16.8,1,0,17.2,1,0,17.5,1,0,17.0,0.6,0,17.3,0.3,0,16.7,1,0,16.2,0.6,0,15.8,0,0,15.0,-,0,14.8,-,0,14.3,-,0,13.9,-
\20240403,0,16,12,9,8,0,0,0,13.3,0,0,14.6,0,0,15.6,0,0,15.7,0,0.5,14.5,0,1,14.9,0,0.5,15.0,0,0.5,15.0,0,1,14.1,0,1,13.5,0,2.5,13.0,0,0.5,12.8,-,0,12.6,-,0,12.5,-,0.5,12.3,-
\20240404,0,19,13,0,0,0,0,0,13.3,0,0,13.9,0,0,15.4,0,0,16.4,0,0,18.1,0,0,18.3,0,0,19.0,0,0,18.8,0,0,18.8,0,0,18.3,0,0,18.0,0,0,17.2,0,0,16.6,-,0,15.8,-,0,15.9,-
\20240405,0,12,9,0,0,0,0,0,10.1,0,0,10.4,0,0,10.0,0,0,9.1,0,0,10.2,0,0,11.5,0,0,12.0,0,0,12.2,0,0,12.3,0,0,11.9,0,0,11.9,0,0,11.9,0,0,11.8,-,0,11.4,-,0,10.9,-
\20240406,0,14,9,0,0,0,0,0,9.4,0,0,10.4,0,0,10.9,0,0,12.3,0,0,12.7,0,0,12.9,0,0,13.4,0,0,13.5,0,0,13.6,0,0,13.6,0,0,13.5,0,0,13.5,0,0,13.6,-,0,13.4,-,0,13.3,-
\20240407,0,22,14,0,0,0,3.7,0,14.1,0,0,15.3,0,0,16.6,0,0,17.8,0.3,0,19.0,0.9,0,20.3,0.5,0,21.8,0.3,0,21.8,0.9,0,21.5,0.5,0,21.0,0.3,0,19.8,0,0,18.2,0,0,17.7,-,0,16.6,-,0,15.9,-
\20240408,0,22,17,0,0,0,0,0,17.4,0,0,18.2,0,0,19.8,0,0,21.1,0,0,21.6,0,0,21.7,0,0,21.3,0,0,21.1,0,0,20.4,0,0,19.9,0,0,19.0,0,0,18.7,0,0,18.5,-,0,18.3,-,0,18.2,-
\20240409,0,20,12,7,28,0,0,4.5,18.5,0,1.5,20.2,0,1,20.4,0,2.5,19.1,0,3,14.2,0,15,13.0,0,0,14.4,0,0.5,14.2,0,0,13.4,0,0,13.2,0,0,13.5,0,0,13.1,0,0,12.8,-,0,13.1,-,0,12.0,-
\20240410,0,16,9,0,0,0,10.8,0,8.9,1,0,10.5,1,0,11.8,1,0,12.9,1,0,13.9,1,0,14.6,1,0,15.0,1,0,15.6,1,0,15.2,1,0,14.2,1,0,12.5,0.8,0,11.1,0,0,10.6,-,0,9.3,-,0,8.7,-
\20240411,0,18,12,0,0,0,4.2,0,11.9,1,0,14.1,1,0,15.5,1,0,17.5,0.7,0,17.0,0,0,16.8,0,0,17.2,0,0,17.2,0,0,17.0,0.5,0,16.1,0,0,15.3,0,0,14.5,0,0,14.2,-,0,14.4,-,0,14.5,-
\20240412,0,17,13,1,0.5,0,0.4,0,15.3,0.3,0,15.8,0,0,16.8,0.1,0,16.8,0,0,15.6,0,0.5,15.3,0,0,15.9,0,0,16.4,0,0,16.2,0,0,16.0,0,0,15.2,0,0,15.0,0,0,14.4,-,0,13.8,-,0,13.3,-
\20240413,0,20,14,0,0,0,10.1,0,15.2,1,0,17.1,1,0,18.5,1,0,18.9,1,0,19.1,1,0,20.0,0.5,0,20.0,0.7,0,20.4,1,0,20.0,1,0,19.0,1,0,17.8,0.9,0,16.6,0,0,15.6,-,0,15.1,-,0,14.4,-
\20240414,0,25,16,0,0,0,10.9,0,15.6,1,0,17.4,1,0,19.5,1,0,20.7,1,0,22.8,1,0,23.9,1,0,24.8,1,0,24.3,1,0,21.9,1,0,20.9,1,0,18.8,0.9,0,17.9,0,0,17.2,-,0,16.6,-,0,16.1,-
\20240415,0,25,17,0,0,0,9.3,0,18.6,1,0,20.1,1,0,20.8,1,0,22.7,1,0,23.3,1,0,25.0,1,0,24.6,1,0,23.9,1,0,21.9,1,0,20.4,0.3,0,19.2,0,0,18.0,0,0,17.5,-,0,17.3,-,0,16.9,-
\20240416,0,22,18,0,0,0,7.9,0,18.4,0.1,0,18.9,0,0,20.6,0.3,0,21.2,1,0,22.1,1,0,22.4,1,0,21.7,1,0,21.6,1,0,20.9,1,0,20.1,1,0,19.1,0.5,0,18.5,0,0,18.5,-,0,18.1,-,0,17.8,-
\20240417,0,25,18,0,0,0,7,0,18.9,0.5,0,20.7,0.9,0,21.1,0.6,0,21.6,0.2,0,23.4,1,0,25.0,1,0,25.1,1,0,25.2,0.9,0,23.0,0.4,0,21.7,0.4,0,20.0,0.1,0,19.5,0,0,18.4,-,0,18.4,-,0,18.0,-
\20240418,0,20,15,3,2,0,0.7,0,18.3,0.5,0,18.9,0.2,0,19.5,0,0,20.5,0,0,20.4,0,0,20.5,0,0,19.7,0,0,19.4,0,0,18.7,0,0,17.9,0,0,17.2,0,1,15.8,0,0.5,15.5,-,0,15.1,-,0.5,14.7,-
\20240419,0,23,17,0,0,0,11,0,17.8,1,0,18.9,1,0,20.2,1,0,20.9,1,0,21.7,1,0,22.2,1,0,22.5,1,0,22.6,1,0,22.2,1,0,21.3,1,0,20.2,1,0,19.1,0,0,18.3,-,0,17.0,-,0,16.6,-
\20240420,0,25,16,0,0,0,7.9,0,16.3,0.6,0,18.9,0.9,0,20.4,0.9,0,21.9,1,0,24.7,1,0,24.9,1,0,24.4,0.1,0,24.9,0.8,0,22.6,1,0,21.2,0.6,0,20.4,0,0,19.5,0,0,18.3,-,0,17.9,-,0,17.5,-
\20240421,0,23,15,3,2,0,2.5,0,18.3,0,0,19.4,0,0,20.2,0,0,21.8,0.8,0,22.4,1,0,23.1,0.6,0,23.4,0.1,0,22.3,0,0,19.8,0,0,18.4,0,0,18.0,0,0,16.9,0,0.5,15.4,-,1,15.4,-,0.5,15.2,-
\20240422,0,18,14,2,1,0,0,0.5,13.8,0,0.5,13.8,0,0,14.7,0,0,15.7,0,0,17.0,0,0,17.3,0,0,18.0,0,0,18.2,0,0,18.2,0,0,17.9,0,0,17.2,0,0,16.6,0,0,16.0,-,0,15.7,-,0,15.1,-
\20240423,0,19,16,0,0,0,0,0,16.4,0,0,16.6,0,0,17.4,0,0,18.0,0,0,18.7,0,0,19.4,0,0,19.1,0,0,18.3,0,0,17.0,0,0,16.5,0,0,16.8,0,0,16.3,0,0,16.7,-,0,16.6,-,0,16.3,-
\20240424,0,16,15,10,11,0,0,0,15.1,0,0,15.1,0,0.5,15.0,0,1,15.2,0,0,15.5,0,0.5,15.5,0,0.5,15.1,0,0,15.2,0,0,15.4,0,0.5,14.9,0,0.5,14.9,0,0.5,14.8,0,2,14.8,-,2.5,15.2,-,2.5,15.6,-
\20240425,0,25,18,0,0,0,8.9,0,18.1,0.8,0,19.3,0.6,0,20.5,0.5,0,21.4,0.2,0,22.0,1,0,23.3,1,0,25.0,1,0,25.2,1,0,25.1,1,0,25.2,1,0,23.1,0.8,0,21.1,0,0,20.3,-,0,19.3,-,0,18.3,-
\20240426,0,25,17,0,0,0,2.8,0,17.3,0,0,18.3,0,0,20.5,0.6,0,22.6,1,0,24.2,1,0,25.4,0.2,0,24.8,0,0,23.7,0,0,22.9,0,0,22.1,0,0,21.3,0,0,20.7,0,0,20.4,-,0,19.9,-,0,19.6,-
\20240427,0,22,18,0,0,0,0,0,19.0,0,0,19.0,0,0,19.3,0,0,20.3,0,0,20.9,0,0,21.8,0,0,20.8,0,0,21.2,0,0,20.8,0,0,20.2,0,0,19.5,0,0,18.7,0,0,18.4,-,0,18.1,-,0,17.5,-
\20240428,0,29,20,0,0,0,9.5,0,20.8,1,0,22.2,1,0,23.9,1,0,24.6,1,0,26.1,1,0,26.9,1,0,28.9,1,0,28.4,1,0,24.7,1,0,22.7,0.5,0,21.8,0,0,21.0,0,0,20.6,-,0,20.5,-,0,19.8,-
\20240429,0,25,20,0,0,0,6.9,0,20.8,1,0,22.7,1,0,22.9,1,0,23.8,1,0,24.8,1,0,24.7,1,0,23.5,0.9,0,23.4,0,0,22.9,0,0,22.1,0,0,21.6,0,0,21.0,0,0,20.5,-,0,20.2,-,0,19.9,-
\20240430,0,24,20,0,0,0,0.9,0,20.2,0.1,0,20.9,0,0,21.3,0,0,21.3,0,0,22.1,0,0,22.3,0,0,22.9,0,0,23.7,0.3,0,23.6,0.3,0,23.5,0.2,0,22.9,0,0,22.2,0,0,21.9,-,0,21.9,-,0,21.3,-
\20240501,0,18,12,15,30,0,0,0.5,17.8,0,1.5,18.0,0,0.5,17.5,0,1.5,17.1,0,2,16.0,0,2.5,15.7,0,5,15.3,0,3.5,14.5,0,3.5,14.2,0,1.5,13.6,0,2,13.4,0,0.5,13.2,0,3,13.1,-,1,12.9,-,1.5,12.3,-
\20240502,0,19,14,0,0,0,8.8,0,14.7,0.3,0,16.3,1,0,17.2,1,0,17.4,0.6,0,18.6,0.5,0,18.8,0.4,0,18.7,1,0,18.8,1,0,18.9,0.9,0,17.7,1,0,16.6,0.9,0,15.5,0.2,0,14.9,-,0,14.4,-,0,13.6,-
\20240503,0,23,17,0,0,0,11.2,0,16.9,1,0,18.6,1,0,20.1,1,0,21.0,1,0,22.1,1,0,22.3,1,0,22.2,1,0,22.8,1,0,21.8,1,0,20.5,1,0,18.8,1,0,18.4,0.2,0,18.1,-,0,17.6,-,0,17.1,-
\20240504,0,27,18,0,0,0,11.2,0,19.3,1,0,21.7,1,0,24.3,1,0,25.7,1,0,25.9,1,0,26.9,1,0,27.2,1,0,27.1,1,0,25.1,1,0,23.9,1,0,22.0,1,0,20.9,0.2,0,19.9,-,0,18.8,-,0,18.4,-
\20240505,0,26,19,0,0,0,10.6,0,21.3,1,0,22.2,1,0,22.8,1,0,24.3,1,0,25.4,1,0,26.3,1,0,26.5,1,0,25.7,1,0,24.6,1,0,23.5,1,0,22.3,0.4,0,21.2,0.2,0,20.5,-,0,20.0,-,0,19.4,-
\20240506,0,22,20,0,0,0,0.5,0,20.6,0,0,21.7,0,0,22.1,0.5,0,21.3,0,0,20.8,0,0,21.5,0,0,21.5,0,0,21.5,0,0,20.8,0,0,20.7,0,0,20.5,0,0,20.3,0,0,20.3,-,0,20.3,-,0,20.3,-
\20240507,0,21,19,6,8.5,0,0,1.5,19.4,0,0.5,20.0,0,0,21.0,0,1.5,19.8,0,0.5,19.9,0,0,21.1,0,0,20.4,0,2,19.5,0,2.5,19.5,0,0,20.1,0,0,20.0,0,0,20.2,0,0,20.4,-,0,20.3,-,0,19.9,-
\20240508,0,23,13,0,0,0,2.4,0,19.4,0,0,20.1,0.3,0,21.6,0.1,0,22.0,0,0,22.5,0.5,0,21.9,0.3,0,21.7,0.3,0,22.6,0.7,0,21.0,0.2,0,18.8,0,0,17.6,0,0,16.8,0,0,13.9,-,0,13.7,-,0,13.1,-
\20240509,0,17,11,1,0.5,0,6.1,0,10.7,0,0.5,11.1,0,0,12.6,0,0,13.7,0.1,0,14.6,0.5,0,15.5,0.6,0,16.5,0.7,0,17.1,1,0,17.3,1,0,16.9,1,0,15.8,1,0,15.2,0.2,0,14.1,-,0,14.0,-,0,13.7,-
\20240510,0,22,16,0,0,0,11.2,0,16.0,1,0,18.5,1,0,19.6,1,0,20.9,1,0,21.8,1,0,22.4,1,0,22.4,1,0,22.3,1,0,21.6,1,0,21.0,1,0,20.0,1,0,19.1,0.2,0,18.5,-,0,17.9,-,0,17.8,-
\20240511,0,24,19,0,0,0,11.3,0,20.2,1,0,21.5,1,0,22.1,1,0,22.6,1,0,22.7,1,0,23.5,1,0,23.9,1,0,23.4,1,0,22.8,1,0,22.3,1,0,20.9,1,0,19.9,0.3,0,19.4,-,0,19.1,-,0,19.0,-
\20240512,0,23,20,0,0,0,1.4,0,20.4,0.1,0,21.0,0,0,23.0,0.5,0,23.1,0.5,0,22.1,0.3,0,21.7,0,0,22.2,0,0,22.0,0,0,21.8,0,0,21.4,0,0,21.0,0,0,20.9,0,0,20.6,-,0,20.4,-,0,20.3,-
\20240513,0,21,16,14,40,0,0,11,20.1,0,2.5,20.5,0,4,20.3,0,6,20.7,0,1,20.7,0,0.5,20.7,0,1,20.4,0,2,20.0,0,4,18.8,0,2.5,18.7,0,2,18.7,0,1.5,18.0,0,1.5,17.4,-,0.5,16.6,-,0,15.6,-
\20240514,0,20,15,0,0,0,7.2,0,15.5,0,0,16.6,0.1,0,17.2,0.1,0,18.5,0.5,0,19.3,1,0,20.2,1,0,19.6,0.9,0,19.1,0.5,0,19.6,0.8,0,19.4,1,0,18.2,1,0,17.1,0.3,0,16.4,-,0,15.8,-,0,15.2,-
\20240515,0,25,18,2,1,0,8.1,0,17.9,1,0,19.9,1,0,22.4,1,0,24.0,1,0,24.2,0.9,0,25.0,1,0,24.6,0.6,0,24.3,0.8,0,23.6,0.5,0,22.3,0.3,0,21.3,0,0,20.6,0,0,20.3,-,0.5,18.7,-,0.5,18.4,-
\20240516,0,23,16,2,1.5,0,5.3,1,15.8,0,0,16.4,0,0,17.2,0,0.5,18.2,0,0,20.1,0,0,21.5,0.1,0,22.7,1,0,22.7,1,0,23.3,1,0,22.3,1,0,21.1,1,0,19.7,0.2,0,18.9,-,0,18.6,-,0,18.9,-
\20240517,0,25,19,0,0,0,11,0,20.5,1,0,20.8,1,0,21.9,1,0,22.7,1,0,23.1,1,0,24.4,1,0,24.7,1,0,24.7,1,0,24.5,1,0,24.1,1,0,22.9,1,0,21.5,0,0,21.1,-,0,19.7,-,0,19.2,-
\20240518,0,28,20,0,0,0,10.6,0,20.9,1,0,22.7,1,0,24.5,1,0,25.8,1,0,26.7,1,0,27.5,1,0,27.1,1,0,27.1,1,0,27.2,1,0,25.7,1,0,23.2,0.6,0,22.2,0,0,21.6,-,0,21.0,-,0,20.4,-
\20240519,0,24,20,0,0,0,0,0,21.2,0,0,21.7,0,0,22.4,0,0,22.7,0,0,22.9,0,0,23.5,0,0,22.9,0,0,23.5,0,0,23.3,0,0,22.3,0,0,20.8,0,0,20.3,0,0,20.0,-,0,19.5,-,0,19.5,-
\20240520,0,21,15,4,5.5,0,0,3.5,15.2,0,1,16.1,0,0.5,16.3,0,0.5,18.0,0,0,18.6,0,0,19.0,0,0,20.2,0,0,20.5,0,0,21.2,0,0,21.2,0,0,21.0,0,0,20.0,0,0,18.5,-,0,17.9,-,0,17.7,-
\20240521,0,27,21,0,0,0,6.1,0,21.9,1,0,24.3,1,0,25.5,0.8,0,26.7,1,0,27.0,1,0,26.6,0.3,0,26.6,0,0,26.7,0.6,0,25.7,0.2,0,24.1,0.2,0,22.3,0,0,21.7,0,0,21.5,-,0,21.3,-,0,20.7,-
\20240522,0,23,18,0,0,0,2.9,0,18.7,0.2,0,20.3,0.8,0,21.8,0.3,0,21.8,0.6,0,21.7,0,0,21.3,0,0,23.2,0,0,22.2,0.7,0,22.2,0.2,0,21.3,0.1,0,20.5,0,0,19.6,0,0,19.1,-,0,18.8,-,0,18.5,-
\20240523,0,24,21,0,0,0,1.4,0,21.0,0,0,21.2,0,0,22.0,0,0,22.3,0,0,22.7,0,0,23.2,0,0,23.8,0,0,24.3,0,0,23.9,0.8,0,23.4,0.3,0,22.6,0.3,0,21.9,0,0,21.4,-,0,21.1,-,0,20.7,-
\20240524,0,27,21,0,0,0,6.6,0,23.2,0.8,0,23.7,0.6,0,24.8,0.1,0,25.4,0.6,0,26.3,0.4,0,26.6,1,0,27.2,1,0,27.2,1,0,25.6,0.9,0,24.2,0.2,0,22.9,0,0,22.0,0,0,22.1,-,0,21.7,-,0,21.2,-
\20240525,0,25,18,0,0,0,5.3,0,20.4,0,0,20.6,0,0,21.2,0.1,0,22.8,0.3,0,23.6,1,0,24.9,1,0,24.2,1,0,23.0,1,0,21.5,0.6,0,20.4,0.3,0,19.4,0,0,18.8,0,0,18.2,-,0,18.2,-,0,18.0,-
\20240526,0,26,21,0,0,0,8.7,0,21.0,1,0,22.6,1,0,23.0,1,0,24.0,1,0,24.5,1,0,23.9,0.9,0,25.5,0.8,0,24.8,0.9,0,23.7,0.9,0,23.0,0.2,0,22.4,0,0,21.8,0,0,21.3,-,0,20.9,-,0,20.7,-
\20240527,0,23,21,1,0.5,0,0,0,22.1,0,0,21.8,0,0,21.8,0,0,22.8,0,0,22.3,0,0,21.0,0,0.5,22.9,0,0,22.4,0,0,21.9,0,0,22.7,0,0,22.4,0,0,22.4,0,0,22.2,-,0,21.9,-,0,22.1,-
\20240528,0,25,23,6,13.5,0,0,1,22.6,0,0,23.2,0,2,22.9,0,0.5,24.4,0,0,25.3,0,0,23.9,0,0,23.7,0,0,23.8,0,1,23.6,0,0,25.1,0,0,25.1,0,0,25.2,0,0,25.4,-,5,23.8,-,4,23.6,-
\20240529,0,25,18,1,0.5,0,7.6,0.5,17.8,0,0,19.0,0,0,20.5,0,0,21.9,0.4,0,23.2,1,0,24.0,0.8,0,24.4,1,0,25.4,1,0,23.8,0.9,0,23.1,1,0,21.8,1,0,20.3,0.5,0,19.9,-,0,19.1,-,0,18.5,-
\20240530,0,27,22,0,0,0,6.3,0,22.6,1,0,24.0,1,0,24.0,0.8,0,25.7,0.6,0,26.4,0.5,0,26.8,0.8,0,27.1,0.6,0,26.0,0.8,0,25.6,0.2,0,24.6,0,0,23.5,0,0,22.8,0,0,22.2,-,0,22.0,-,0,21.8,-
\20240531,0,21,16,4,13,0,0.1,7,16.7,0,2.5,16.4,0,1.5,16.6,0,2,17.2,0,0,19.9,0.1,0,19.7,0,0,19.9,0,0,20.7,0,0,20.6,0,0,20.7,0,0,20.9,0,0,20.4,0,0,19.2,-,0,19.1,-,0,19.0,-
\20240601,0,25,18,0,0,0,8,0,18.7,0,0,20.1,0.1,0,22.0,0.6,0,22.2,0.9,0,23.9,1,0,24.4,1,0,25.4,1,0,24.7,1,0,24.0,0.9,0,22.7,0.9,0,20.9,0.6,0,19.6,0,0,18.6,-,0,18.1,-,0,18.0,-
\20240602,0,22,17,5,45,0,1.6,0,17.8,0,0,18.8,0,0,20.2,0.4,0,22.3,1,0,21.7,0.2,0,21.9,0,0,22.3,0,0,22.2,0,0,20.8,0,12.5,17.6,0,22.5,17.3,0,2.5,17.3,0,5,17.4,-,2.5,17.5,-,0,17.4,-
\20240603,0,24,17,4,9.5,0,2,0,17.2,0,0.5,18.7,0,0,19.4,0,0,20.5,0,0,21.6,0.1,0,22.8,0.1,0,22.8,0.5,0,22.7,0.3,0,23.7,0.8,0,22.2,0.2,1,20.3,0,7,18.2,0,1,17.8,-,0,17.8,-,0,17.5,-
\20240604,0,24,18,0,0,0,9,0,19.4,1,0,20.5,1,0,21.6,1,0,22.1,0.7,0,23.0,0.2,0,22.6,0.3,0,23.7,0.8,0,23.4,1,0,22.3,1,0,21.5,1,0,20.3,1,0,18.9,0,0,18.2,-,0,18.0,-,0,17.6,-
\20240605,0,27,19,0,0,0,10.9,0,20.5,1,0,21.1,1,0,22.9,1,0,23.4,1,0,24.3,1,0,25.4,1,0,26.1,1,0,26.9,1,0,26.2,1,0,23.6,0.3,0,22.4,1,0,20.6,0.6,0,19.9,-,0,19.6,-,0,19.0,-
\20240606,0,26,21,0,0,0,4.8,0,21.8,0,0,23.0,0,0,23.3,0,0,24.0,0.6,0,26.5,0.8,0,25.8,0.9,0,26.1,0.8,0,25.4,0.8,0,25.0,0.4,0,24.0,0.5,0,22.9,0,0,22.4,0,0,21.7,-,0,21.5,-,0,21.1,-
\20240607,0,26,18,0,0,0,3.8,0,22.7,0.4,0,23.3,0,0,24.0,0,0,25.0,0.1,0,25.7,0.5,0,24.6,0.2,0,25.0,0.2,0,26.2,0.5,0,24.9,0.5,0,24.2,1,0,22.7,0,0,21.3,0.4,0,20.5,-,0,19.4,-,0,18.4,-
\20240608,0,27,22,0,0,0,6.8,0,22.5,1,0,24.0,1,0,25.5,1,0,25.5,1,0,26.9,1,0,26.8,0.5,0,25.7,0.5,0,26.1,0.1,0,24.9,0.1,0,24.5,0.3,0,23.9,0.3,0,23.1,0,0,22.4,-,0,22.1,-,0,21.6,-
\20240609,0,26,22,0,0,0,0,0,22.2,0,0,23.3,0,0,24.5,0,0,24.4,0,0,25.0,0,0,25.9,0,0,25.0,0,0,24.5,0,0,23.7,0,0,22.6,0,0,23.1,0,0,22.5,0,0,22.0,-,0,21.9,-,0,21.8,-
\20240610,0,23,20,0,0,0,0.3,0,19.5,0,0,20.8,0.3,0,20.6,0,0,22.0,0,0,21.8,0,0,22.4,0,0,23.3,0,0,22.8,0,0,23.0,0,0,22.7,0,0,22.2,0,0,22.0,0,0,21.7,-,0,21.4,-,0,20.9,-
\20240611,0,28,22,0,0,0,10.8,0,23.9,1,0,24.7,1,0,25.7,1,0,27.0,1,0,28.1,1,0,26.9,1,0,27.6,1,0,27.2,1,0,26.5,1,0,25.5,1,0,24.3,0.8,0,23.1,0,0,22.8,-,0,22.7,-,0,22.2,-
\20240612,0,29,22,0,0,0,11.2,0,24.8,1,0,25.7,1,0,26.1,1,0,27.8,0.7,0,27.8,1,0,28.7,1,0,28.7,1,0,27.9,1,0,27.6,1,0,27.1,1,0,26.0,1,0,24.6,0.5,0,23.7,-,0,22.8,-,0,22.2,-
\20240613,0,25,21,0,0,0,1.3,0,22.4,0,0,22.9,0,0,23.2,0,0,24.1,0,0,24.6,0,0,24.8,0,0,24.7,0,0,24.4,0,0,24.0,0,0,24.8,0.1,0,23.9,1,0,22.6,0.2,0,22.3,-,0,21.9,-,0,21.1,-
\20240614,0,32,24,0,0,0,11.5,0,26.2,1,0,28.6,1,0,28.5,1,0,29.4,1,0,30.6,1,0,32.0,1,0,30.4,1,0,30.6,1,0,29.4,1,0,29.5,1,0,27.1,1,0,25.8,0.5,0,24.8,-,0,24.1,-,0,23.8,-
\20240615,0,29,23,0,0,0,7.8,0,25.3,1,0,26.5,1,0,27.2,1,0,27.8,1,0,29.4,1,0,29.4,1,0,29.0,1,0,28.2,0.8,0,26.8,0,0,25.2,0,0,24.2,0,0,23.8,0,0,23.4,-,0,22.9,-,0,22.6,-
\20240616,0,28,22,1,0.5,0,7.3,0.5,22.0,0,0,22.7,0,0,23.9,0,0,24.9,0.5,0,26.3,0.9,0,27.5,1,0,27.6,1,0,27.9,1,0,27.3,1,0,26.6,1,0,24.8,0.9,0,24.0,0,0,24.1,-,0,24.3,-,0,24.3,-
\20240617,0,30,24,0,0,0,2.7,0,26.4,0.4,0,27.0,0.7,0,28.7,0.7,0,29.5,0.7,0,29.4,0.1,0,29.6,0.1,0,28.1,0,0,27.0,0,0,26.3,0,0,26.1,0,0,25.4,0,0,25.0,0,0,24.6,-,0,24.8,-,0,24.5,-
\20240618,0,19,19,12,82.5,0,0,5,19.1,0,5,18.8,0,7,18.6,0,14,18.8,0,8,18.7,0,7,19.0,0,8.5,19.0,0,7,18.9,0,9.5,19.0,0,8,19.0,0,3,19.0,0,0.5,19.1,0,0,18.9,-,0,18.9,-,0,19.0,-
\20240619,0,29,23,0,0,0,10.5,0,23.6,1,0,24.6,1,0,26.6,1,0,27.6,1,0,28.2,1,0,28.3,1,0,28.8,1,0,28.2,0.3,0,27.0,0.5,0,27.7,1,0,26.2,1,0,24.4,0.7,0,23.7,-,0,23.2,-,0,22.7,-
\20240620,0,28,23,0,0,0,4.9,0,24.9,1,0,25.5,1,0,25.7,0.7,0,25.9,0,0,27.7,1,0,27.7,0.8,0,27.7,0.2,0,26.8,0,0,26.7,0.1,0,25.6,0.1,0,24.9,0,0,24.2,0,0,23.8,-,0,23.4,-,0,23.2,-
\20240621,0,23,18,8,37.5,0,0,0,22.9,0,0,23.3,0,1,22.2,0,5,20.3,0,5,19.1,0,12.5,18.5,0,8.5,17.9,0,3,18.7,0,0.5,18.5,0,2,18.4,0,0,19.2,0,0,19.3,0,0,19.5,-,0,19.5,-,0,19.6,-
\20240622,0,29,23,0,0,0,7.2,0,23.3,1,0,24.3,1,0,24.7,0.8,0,26.6,1,0,27.1,0.7,0,28.9,0.8,0,28.2,1,0,28.4,0.6,0,27.0,0.3,0,26.2,0,0,25.7,0,0,24.8,0,0,24.4,-,0,24.7,-,0,24.3,-
\20240623,0,24,21,7,26.5,0,0,9,21.2,0,12.5,21.3,0,0,21.7,0,0,22.5,0,0,22.4,0,0,23.8,0,0,23.6,0,1,23.5,0,1.5,23.2,0,1,23.0,0,1,23.0,0,0.5,23.2,0,0,22.6,-,0,22.6,-,0,22.2,-
\20240624,0,33,25,0,0,0,6.7,0,24.7,0.3,0,26.9,1,0,29.0,1,0,29.7,0.9,0,31.7,1,0,33.3,1,0,31.5,0.9,0,30.1,0.5,0,30.0,0.1,0,28.9,0,0,28.5,0,0,27.9,0,0,27.7,-,0,26.5,-,0,25.6,-
\20240625,0,30,26,0,0,0,1.3,0,26.7,0,0,27.1,0,0,27.6,0,0,28.6,0,0,29.9,0.7,0,29.1,0.5,0,29.0,0,0,29.1,0,0,28.4,0.1,0,27.5,0,0,27.0,0,0,26.6,0,0,26.1,-,0,26.0,-,0,26.0,-
\20240626,0,30,25,0,0,0,2.1,0,26.6,0,0,27.7,0,0,28.5,0.5,0,29.8,0.6,0,30.1,0.4,0,29.0,0,0,29.2,0,0,29.2,0.1,0,28.6,0,0,27.4,0.5,0,26.5,0,0,25.7,0,0,25.2,-,0,24.7,-,0,24.9,-
\20240627,0,28,23,0,0,0,4.8,0,25.3,1,0,26.1,1,0,26.8,0.3,0,26.1,0,0,26.9,0.4,0,27.5,0.1,0,28.1,0.7,0,28.1,1,0,27.0,0.3,0,25.7,0,0,25.0,0,0,24.2,0,0,23.7,-,0,23.3,-,0,23.1,-
\20240628,0,23,22,15,96,0,0,2.5,22.0,0,6.5,21.7,0,12,22.0,0,1.5,22.8,0,5,22.4,0,10.5,21.8,0,24.5,21.9,0,2,22.3,0,1,22.3,0,4.5,22.1,0,8,22.0,0,3.5,21.9,0,1,21.9,-,3.5,21.6,-,10,21.6,-
\20240629,0,28,22,0,0,0,6.1,0,22.0,0,0,23.3,0,0,23.9,0,0,24.0,0,0,25.7,0.5,0,26.7,0.9,0,27.0,0.4,0,28.0,1,0,28.5,1,0,27.2,1,0,27.8,1,0,24.6,0.3,0,23.8,-,0,23.6,-,0,23.0,-
\20240630,0,28,25,0,0,0,0.8,0,25.7,0,0,26.1,0,0,27.7,0,0,28.1,0.3,0,28.1,0.1,0,27.7,0.4,0,26.9,0,0,26.6,0,0,26.6,0,0,26.0,0,0,25.8,0,0,25.6,0,0,25.2,-,0,25.3,-,0,25.5,-
\20240701,0,27,25,5,3.5,0,0.1,1,25.3,0,1,25.7,0,0.5,25.9,0,0.5,25.7,0,0.5,25.8,0,0,26.8,0,0,27.2,0.1,0,26.4,0,0,26.6,0,0,26.0,0,0,25.8,0,0,25.5,0,0,25.3,-,0,25.2,-,0,24.9,-
\20240702,0,30,26,0,0,0,1.7,0,26.5,0,0,27.0,0,0,29.3,0,0,30.3,0.6,0,29.9,0.5,0,29.4,0,0,29.6,0.2,0,29.0,0.4,0,28.5,0,0,28.3,0,0,27.6,0,0,27.1,0,0,26.6,-,0,26.1,-,0,26.0,-
\20240703,0,33,25,0,0,0,6.9,0,25.3,0,0,26.0,0,0,27.6,0.3,0,29.4,0.8,0,32.3,1,0,31.6,1,0,32.8,1,0,32.8,1,0,30.4,1,0,29.3,0.1,0,29.4,0.3,0,27.5,0.4,0,26.4,-,0,26.3,-,0,26.3,-
\20240704,0,34,28,0,0,0,7.8,0,28.5,0.8,0,30.5,0.9,0,31.1,0.9,0,32.8,0.8,0,33.9,1,0,33.4,1,0,32.6,0.5,0,32.3,0,0,32.7,0,0,32.1,0.3,0,31.3,1,0,30.3,0.6,0,29.9,-,0,29.6,-,0,29.1,-
\20240705,0,35,26,0,0,0,10.4,0,28.5,1,0,29.8,1,0,31.0,1,0,32.3,1,0,33.2,1,0,33.4,0.8,0,33.8,0.3,0,34.7,0.8,0,33.9,0.8,0,32.4,1,0,31.5,1,0,28.7,0.7,0,27.2,-,0,26.4,-,0,25.9,-
\20240706,0,33,25,1,2,0,5.1,0,28.8,1,0,30.3,1,0,31.5,1,0,32.1,0.8,0,33.2,0.5,0,33.4,0.3,0,32.9,0.5,0,32.6,0,0,31.4,0,0,30.3,0,0,27.3,0,2,25.8,0,0,25.7,-,0,25.4,-,0,26.0,-
\20240707,0,34,28,0,0,0,9.6,0,27.5,0.8,0,30.1,0.9,0,31.4,1,0,32.5,1,0,32.9,1,0,34.0,1,0,33.8,1,0,33.7,1,0,33.4,1,0,31.3,0.9,0,30.8,0,0,29.5,0,0,28.7,-,0,28.2,-,0,27.8,-
\20240708,0,35,28,0,0,0,10.9,0,31.3,1,0,31.9,1,0,32.7,1,0,33.3,1,0,34.7,1,0,34.0,0.8,0,34.8,1,0,35.3,1,0,33.9,1,0,33.2,1,0,32.0,1,0,30.9,0.1,0,30.5,-,0,28.9,-,0,27.6,-
\20240709,0,34,28,0,0,0,4.8,0,29.4,1,0,28.4,0,0,29.2,0.2,0,30.4,0,0,31.9,1,0,33.5,1,0,32.2,1,0,30.2,0.6,0,29.8,0,0,28.8,0,0,29.0,0,0,28.7,0,0,28.6,-,0,29.0,-,0,28.3,-
\20240710,0,34,27,0,0,0,5.4,0,30.3,0.7,0,32.5,1,0,33.7,1,0,33.1,0.9,0,33.9,1,0,32.3,0.3,0,31.8,0.1,0,30.7,0.1,0,29.9,0.3,0,28.4,0,0,28.2,0,0,27.9,0,0,27.1,-,0,27.3,-,0,27.1,-
\20240711,0,29,26,0,0,0,0.3,0,27.7,0,0,28.3,0.3,0,27.2,0,0,28.8,0,0,28.1,0,0,27.7,0,0,26.1,0,0,26.6,0,0,27.4,0,0,27.4,0,0,26.6,0,0,26.5,0,0,26.5,-,0,26.1,-,0,25.7,-
\20240712,0,26,22,9,12,0,0,0,26.5,0,0,26.2,0,1,25.3,0,0.5,25.4,0,0,25.2,0,1.5,24.5,0,1,24.2,0,2.5,23.6,0,0,24.3,0,0,23.4,0,2.5,22.8,0,1.5,22.6,0,0,22.4,-,0.5,22.4,-,1,22.5,-
\20240713,0,31,25,0,0,0,7.1,0,25.4,0.3,0,27.1,1,0,28.3,1,0,29.1,1,0,30.4,1,0,31.0,1,0,30.9,1,0,31.2,0.7,0,28.5,0.1,0,27.8,0,0,26.5,0,0,26.0,0,0,26.0,-,0,25.3,-,0,24.7,-
\20240714,0,28,24,2,1.5,0,0.1,1,24.3,0,0,24.6,0,0,25.0,0,0,25.7,0,0,26.0,0,0.5,26.0,0,0,26.9,0,0,27.5,0,0,28.0,0,0,27.2,0,0,27.3,0.1,0,27.0,0,0,26.9,-,0,26.9,-,0,25.4,-
\20240715,0,26,22,3,2.5,0,0,1,23.4,0,0,24.0,0,1,24.6,0,0.5,23.7,0,0,24.0,0,0,24.4,0,0,25.4,0,0,25.6,0,0,25.0,0,0,24.3,0,0,23.7,0,0,23.5,0,0,23.0,-,0,22.6,-,0,22.3,-
\20240716,0,26,22,7,22,0,0,0,23.7,0,0,24.9,0,0,25.5,0,0,26.3,0,0,25.9,0,0,25.5,0,1.5,24.0,0,0.5,25.3,0,0,25.2,0,1,23.8,0,1.5,23.3,0,4.5,22.8,0,11.5,22.6,-,0,22.7,-,1.5,22.3,-
\20240717,0,30,24,0,0,0,2.2,0,23.5,0,0,24.4,0,0,25.0,0,0,26.7,0.2,0,27.3,0,0,27.9,0,0,29.1,0.8,0,30.3,0.9,0,29.7,0.3,0,29.1,0,0,28.6,0,0,27.2,0,0,26.2,-,0,25.9,-,0,25.6,-
\20240718,0,33,27,0,0,0,7,0,27.9,0.7,0,29.6,0.8,0,30.7,0.8,0,32.2,1,0,32.4,0.3,0,32.3,0.2,0,32.6,0.7,0,31.5,0.8,0,32.3,1,0,30.3,0.7,0,29.0,0,0,28.9,0,0,28.0,-,0,27.9,-,0,27.1,-
\20240719,0,32,28,0,0,0,5.9,0,28.7,0.6,0,29.9,0.6,0,30.0,0.6,0,29.9,0,0,30.8,0,0,31.9,1,0,31.8,0.5,0,31.9,0.8,0,31.4,1,0,29.7,0.2,0,28.8,0.6,0,28.2,0,0,28.1,-,0,28.0,-,0,27.9,-
\20240720,0,34,29,0,0,0,9.4,0,30.4,1,0,32.0,1,0,32.6,1,0,33.2,1,0,33.0,1,0,33.6,1,0,32.3,0.5,0,32.6,0.3,0,33.6,0.8,0,32.5,1,0,32.2,0.8,0,31.5,0,0,30.3,-,0,29.7,-,0,28.9,-
\20240721,0,34,28,0,0,0,10.9,0,28.1,0.8,0,29.9,1,0,31.5,1,0,32.0,1,0,33.7,1,0,34.5,1,0,34.2,1,0,33.7,1,0,32.2,1,0,31.2,1,0,30.1,1,0,29.1,0.1,0,28.4,-,0,27.9,-,0,27.6,-
\20240722,0,37,28,0,0,0,10.3,0,29.9,1,0,31.4,1,0,32.9,1,0,34.8,1,0,35.5,1,0,36.4,1,0,36.7,1,0,37.2,1,0,34.9,0.9,0,31.4,0.7,0,32.0,0.7,0,32.2,0,0,30.5,-,0,29.6,-,0,28.3,-
\20240723,0,34,28,0,0,0,11.1,0,30.5,1,0,31.7,1,0,32.8,1,0,33.1,1,0,34.3,1,0,34.4,1,0,34.4,1,0,33.8,1,0,33.0,1,0,32.3,1,0,30.9,0.9,0,29.5,0.2,0,28.9,-,0,29.0,-,0,28.4,-
\20240724,0,34,29,0,0,0,6.9,0,30.7,1,0,32.7,1,0,33.3,1,0,33.8,1,0,34.3,1,0,34.3,1,0,29.2,0,0,30.8,0,0,31.4,0,0,33.2,0.9,0,31.5,0,0,30.5,0,0,29.6,-,0,29.2,-,0,29.0,-
\20240725,0,35,28,1,0.5,0,7.8,0,30.0,0.4,0,31.9,0.8,0,33.3,0.9,0,34.1,1,0,34.9,1,0,34.7,1,0,34.5,1,0,34.2,1,0,31.5,0.5,0,31.5,0.2,0,30.9,0,0,28.9,0,0.5,28.5,-,0,28.6,-,0,28.6,-
\20240726,0,35,29,0,0,0,6.6,0,29.0,0.5,0,31.1,0.8,0,32.6,1,0,33.6,1,0,33.7,1,0,34.7,0.9,0,34.8,0.6,0,33.4,0.3,0,32.7,0.1,0,31.6,0.1,0,30.8,0.3,0,30.2,0,0,29.7,-,0,29.8,-,0,29.0,-
\20240727,0,37,28,0,0,0,7.2,0,29.5,0.3,0,30.4,0.3,0,31.9,0.8,0,33.5,1,0,35.3,1,0,35.5,1,0,37.0,1,0,35.1,0.5,0,35.0,0.8,0,33.1,0.5,0,31.6,0,0,31.3,0,0,30.9,-,0,29.1,-,0,28.4,-
\20240728,0,38,30,0,0,0,8.8,0,30.6,1,0,32.2,1,0,33.6,1,0,35.6,1,0,37.1,1,0,37.6,1,0,36.4,1,0,35.4,0.8,0,34.0,0.8,0,33.0,0.2,0,32.0,0,0,31.4,0,0,30.5,-,0,30.3,-,0,30.2,-
\20240729,0,38,30,0,0,0,10.3,0,31.9,0.4,0,33.5,1,0,35.4,1,0,36.7,1,0,36.8,1,0,37.5,1,0,37.2,1,0,35.6,1,0,,1,0,34.3,1,0,32.2,0.9,0,31.1,0,0,30.6,-,0,30.2,-,0,30.1,-
\20240730,0,37,26,1,17,0,4.5,0,34.6,1,0,34.8,0.7,0,34.5,0.2,0,36.6,0.8,0,36.8,1,0,35.9,0.7,0,34.0,0,0,32.4,0,17,26.2,0,0,27.7,0.1,0,27.8,0,0,28.0,0,0,28.7,-,0,28.8,-,0,28.8,-
\20240731,0,34,28,0,0,0,6.9,0,28.5,0.3,0,28.9,0,0,29.8,0,0,31.8,0.7,0,32.2,0.8,0,33.4,1,0,34.2,1,0,33.9,0.9,0,33.0,1,0,31.7,0.8,0,30.2,0.4,0,28.0,0,0,28.5,-,0,28.8,-,0,28.5,-
\20240801,0,32,27,0,0,0,10.7,0,27.8,0.5,0,29.2,1,0,30.3,1,0,31.0,1,0,31.4,1,0,31.8,1,0,31.3,1,0,32.1,1,0,31.9,1,0,30.8,1,0,29.4,1,0,28.1,0.2,0,27.4,-,0,26.8,-,0,26.7,-
\20240802,0,34,26,0,0,0,9.1,0,28.2,0.7,0,29.0,0.1,0,29.9,0.6,0,31.5,0.9,0,32.1,0.7,0,32.5,1,0,32.1,1,0,33.8,1,0,32.0,1,0,31.6,1,0,29.9,1,0,28.4,0.1,0,27.5,-,0,26.7,-,0,26.5,-
\20240803,0,34,27,0,0,0,9.1,0,29.2,1,0,30.7,1,0,31.8,1,0,32.2,0.8,0,32.6,0.3,0,32.5,0.7,0,33.4,0.7,0,33.0,0.3,0,33.7,1,0,32.7,1,0,30.6,1,0,28.7,0.3,0,27.6,-,0,27.0,-,0,26.7,-
\20240804,0,36,28,0,0,0,10.5,0,30.2,1,0,31.3,1,0,33.3,1,0,34.0,1,0,35.0,1,0,35.5,1,0,36.0,1,0,33.7,1,0,33.3,1,0,32.0,1,0,30.2,0.5,0,29.0,0,0,28.4,-,0,28.2,-,0,27.9,-
\20240805,0,35,27,0,0,0,6.4,0,29.7,1,0,32.0,1,0,32.4,1,0,33.4,1,0,34.7,1,0,34.8,0.8,0,34.1,0.2,0,33.8,0.4,0,33.2,0,0,32.0,0,0,30.1,0,0,28.9,0,0,28.2,-,0,27.8,-,0,27.3,-
\20240806,0,34,28,0,0,0,5.3,0,29.6,0.4,0,30.5,1,0,30.4,0.2,0,31.6,0.3,0,32.2,0.5,0,33.0,0.8,0,33.8,1,0,33.4,0.5,0,32.0,0,0,31.2,0.4,0,30.1,0.2,0,29.1,0,0,28.2,-,0,27.7,-,0,27.5,-
\20240807,0,34,27,2,4,0,4.6,0,28.4,0,0,30.2,0.2,0,31.0,1,0,31.6,0.5,0,33.2,0.9,0,34.1,1,0,31.3,0.2,0,31.7,0.2,0,31.2,0.1,0,31.1,0.4,0,30.2,0.1,0,29.5,0,0,28.6,-,3,27.0,-,1,27.0,-
\20240808,0,32,28,1,0.5,0,5.1,0,28.3,1,0,28.5,0.3,0,30.9,0.2,0,31.0,0.1,0,31.4,0,0,29.0,0,0.5,28.8,0,0,31.7,0.5,0,31.9,1,0,31.1,1,0,30.3,1,0,29.3,0,0,28.5,-,0,27.8,-,0,27.6,-
\20240809,0,33,28,0,0,0,10.4,0,29.4,1,0,31.7,1,0,31.8,1,0,32.3,1,0,33.1,0.9,0,33.0,1,0,33.4,1,0,33.0,1,0,32.3,1,0,31.1,1,0,29.8,0.5,0,28.6,0,0,28.0,-,0,27.8,-,0,27.6,-
\20240810,0,34,28,0,0,0,6.3,0,29.4,0.8,0,29.2,0.5,0,30.4,0.1,0,32.1,0.5,0,31.8,0.5,0,34.4,1,0,33.7,0.8,0,31.8,0.2,0,31.6,0.9,0,29.8,1,0,28.5,0,0,28.2,0,0,27.9,-,0,28.5,-,0,28.3,-
\20240811,0,36,30,0,0,0,9.6,0,31.0,1,0,32.5,1,0,34.0,1,0,34.4,1,0,35.9,1,0,35.9,1,0,35.4,1,0,34.6,1,0,34.1,1,0,31.6,0.6,0,31.2,0,0,30.7,0,0,30.1,-,0,29.9,-,0,29.7,-
\20240812,0,34,29,0,0,0,9.7,0,31.5,1,0,32.6,1,0,33.5,1,0,34.1,1,0,34.3,1,0,34.3,1,0,33.3,1,0,32.8,0.4,0,33.4,0.5,0,32.1,1,0,30.7,0.8,0,30.3,0,0,29.8,-,0,29.5,-,0,29.2,-
\20240813,0,36,29,0,0,0,10.4,0,32.0,1,0,32.3,1,0,33.2,1,0,33.6,1,0,35.3,1,0,34.8,1,0,36.2,1,0,35.1,1,0,34.9,1,0,33.1,1,0,31.4,0.4,0,30.5,0,0,30.0,-,0,29.7,-,0,29.2,-
\20240814,0,35,29,0,0,0,10.2,0,31.1,1,0,32.7,1,0,33.5,1,0,34.1,1,0,35.2,1,0,34.7,1,0,35.4,1,0,33.5,1,0,33.5,1,0,33.1,1,0,31.1,0.2,0,30.8,0,0,30.1,-,0,29.5,-,0,29.1,-
\20240815,0,34,28,0,0,0,8.6,0,30.1,1,0,31.6,1,0,32.8,1,0,33.8,1,0,33.5,0.9,0,33.1,0.2,0,33.0,0.8,0,33.6,0.8,0,33.3,1,0,32.3,0.8,0,30.4,0.1,0,29.3,0,0,29.1,-,0,28.8,-,0,28.4,-
\20240816,0,29,26,10,45.5,0,0,0,28.0,0,0,28.1,0,0,28.7,0,26.5,25.5,0,1,27.3,0,1.5,27.4,0,0.5,27.2,0,0.5,27.6,0,0,27.4,0,1,27.0,0,5,26.7,0,3.5,26.6,0,3,26.6,-,0,26.8,-,3,25.9,-
\20240817,0,36,27,0,0,0,10,0,29.6,0.5,0,32.8,1,0,33.5,1,0,34.3,1,0,36.0,1,0,34.8,0.8,0,36.3,1,0,34.6,1,0,31.8,0.8,0,31.8,0.9,0,30.4,1,0,29.7,0,0,29.4,-,0,29.5,-,0,27.3,-
\20240818,0,33,27,0,0,0,4.1,0,27.4,0,0,27.9,0,0,28.5,0,0,29.3,0,0,30.0,0,0,31.1,0.7,0,32.7,0.7,0,32.4,0.6,0,32.8,0.7,0,32.1,1,0,30.4,0.4,0,28.9,0,0,28.4,-,0,28.2,-,0,27.7,-
\20240819,0,34,24,1,0.5,0,4.6,0,30.9,0.8,0,31.4,0.9,0,31.2,0.2,0,32.3,0,0,33.2,0,0,33.2,0,0,34.2,0.4,0,34.5,1,0,32.4,0.8,0,32.5,0.5,0,30.6,0,0,29.8,0,0,28.6,-,0.5,24.8,-,0,24.3,-
\20240820,0,33,27,0,0,0,7.8,0,27.0,0,0,28.3,0,0,30.6,0.4,0,32.3,1,0,33.3,1,0,33.4,1,0,32.8,1,0,32.4,1,0,31.5,1,0,31.1,1,0,29.7,0.4,0,29.0,0,0,28.5,-,0,27.5,-,0,26.8,-
\20240821,0,33,27,0,0,0,6.7,0,27.9,1,0,29.9,1,0,30.9,0.6,0,30.7,0.8,0,32.7,0.8,0,33.4,1,0,32.5,0.9,0,32.3,0.5,0,31.5,0.1,0,29.8,0,0,28.7,0,0,27.7,0,0,27.3,-,0,27.1,-,0,26.9,-
\20240822,0,31,27,0,0,0,0,0,27.9,0,0,28.4,0,0,28.6,0,0,29.1,0,0,30.5,0,0,31.1,0,0,29.0,0,0,28.7,0,0,28.8,0,0,28.7,0,0,28.1,0,0,27.4,0,0,27.1,-,0,27.2,-,0,27.1,-
\20240823,0,33,28,0,0,0,8,0,28.3,0,0,30.5,0.8,0,30.6,0.8,0,32.3,1,0,33.3,1,0,32.0,1,0,31.9,0.3,0,31.7,0.5,0,31.1,0.8,0,30.5,1,0,29.3,0.8,0,28.7,0,0,28.2,-,0,27.9,-,0,27.8,-
\20240824,0,34,28,0,0,0,9.5,0,29.8,0.9,0,31.7,1,0,32.7,1,0,33.2,1,0,33.9,1,0,33.9,1,0,34.1,1,0,33.1,1,0,31.8,1,0,29.8,0.6,0,29.2,0,0,29.1,0,0,28.9,-,0,27.8,-,0,28.6,-
\20240825,0,34,27,0,0,0,10.3,0,30.3,0.8,0,30.6,1,0,32.3,1,0,33.1,1,0,33.3,1,0,33.7,1,0,32.8,1,0,32.6,1,0,31.7,1,0,31.0,1,0,29.7,0.5,0,28.9,0,0,28.1,-,0,27.8,-,0,27.4,-
\20240826,0,33,28,0,0,0,7.6,0,30.1,1,0,31.3,1,0,32.9,1,0,33.0,1,0,32.7,1,0,31.3,0.5,0,32.3,0.3,0,32.4,1,0,30.8,0.8,0,30.5,0,0,30.0,0,0,28.9,0,0,28.3,-,0,28.2,-,0,28.0,-
\20240827,0,34,27,0,0,0,6.9,0,29.4,1,0,30.3,0.4,0,32.0,1,0,32.8,0.9,0,32.5,0.8,0,33.5,0.9,0,32.3,0.7,0,32.6,0.9,0,30.8,0.3,0,29.5,0,0,28.7,0,0,28.2,0,0,28.0,-,0,27.5,-,0,27.3,-
\20240828,0,32,27,0,0,0,3.8,0,28.4,0.2,0,29.6,0,0,29.2,0,0,29.4,0,0,30.0,0,0,31.8,0.6,0,32.0,1,0,30.9,1,0,30.8,0.9,0,30.0,0.1,0,29.4,0,0,28.4,0,0,27.8,-,0,27.4,-,0,27.0,-
\20240829,0,31,26,1,25,0,0.3,0,28.5,0,0,28.7,0,0,29.6,0,0,30.5,0.3,0,31.2,0,0,31.1,0,0,31.1,0,0,30.3,0,0,29.0,0,0,28.1,0,0,27.5,0,0,27.2,0,0,26.9,-,0,26.8,-,25,26.3,-
\20240830,0,30,26,4,18,0,0,1.5,25.9,0,5,25.8,0,8,26.2,0,3.5,26.5,0,0,28.4,0,0,29.2,0,0,30.0,0,0,28.9,0,0,28.3,0,0,28.5,0,0,27.6,0,0,27.5,0,0,27.4,-,0,27.2,-,0,27.3,-
\20240831,0,30,26,7,18.5,0,0.6,0.5,27.0,0,0,27.9,0,0,29.4,0.5,3.5,25.7,0.1,3,27.6,0,0,29.1,0,0,28.8,0,0,29.5,0,3,27.4,0,6.5,26.3,0,1,26.1,0,0,27.0,0,0,27.3,-,1,27.1,-,0,27.0,-
\20240901,0,32,26,3,9,0,1.2,0,26.3,0,0,27.6,0,0,31.5,0.8,0,31.6,0.3,0,31.9,0.1,0,31.4,0,0,26.9,0,0,28.5,0,0,30.0,0,0,29.7,0,0,28.4,0,3,26.4,0,3,26.3,-,3,26.5,-,0,26.9,-
\20240902,0,32,28,0,0,0,9.8,0,29.1,1,0,30.5,0.9,0,31.4,1,0,32.1,1,0,32.3,1,0,32.0,1,0,32.0,0.8,0,31.6,1,0,31.0,0.5,0,30.5,1,0,29.2,0.6,0,28.8,0,0,28.5,-,0,27.9,-,0,27.9,-
\20240903,0,27,23,2,1.5,0,0.1,1,23.2,0,0.5,23.5,0,0,24.0,0,0,26.1,0.1,0,26.1,0,0,25.5,0,0,26.2,0,0,26.6,0,0,26.4,0,0,25.7,0,0,24.7,0,0,24.3,0,0,23.8,-,0,23.3,-,0,23.1,-
\20240904,0,28,23,0,0,0,4.9,0,24.5,0.2,0,25.5,0.5,0,26.6,0.6,0,27.2,0.3,0,26.4,0,0,27.5,0.2,0,26.3,0,0,28.4,0.5,0,27.6,1,0,26.5,1,0,25.0,0.6,0,24.0,0,0,23.7,-,0,23.6,-,0,23.3,-
\20240905,0,30,25,0,0,0,5.4,0,25.3,0.5,0,26.7,1,0,28.4,1,0,28.0,0.3,0,28.4,0,0,28.9,0,0,29.3,0,0,29.7,0.1,0,29.6,1,0,29.4,1,0,28.2,0.5,0,26.8,0,0,26.1,-,0,25.6,-,0,25.3,-
\20240906,0,33,27,0,0,0,8.9,0,28.1,0.2,0,28.4,0.5,0,30.1,1,0,30.4,1,0,32.0,0.7,0,33.3,0.8,0,32.8,1,0,32.7,1,0,31.4,1,0,30.2,1,0,29.0,0.7,0,28.5,-,0,28.2,-,0,27.8,-,0,27.2,-
\20240907,0,33,27,0,0,0,10.6,0,29.3,1,0,29.1,0.9,0,30.3,1,0,32.6,1,0,32.5,1,0,33.3,1,0,32.7,1,0,33.1,1,0,31.9,1,0,30.1,1,0,29.2,0.7,0,28.8,-,0,28.3,-,0,27.7,-,0,27.3,-
\20240908,0,34,28,0,0,0,9.4,0,28.8,1,0,29.7,1,0,30.9,1,0,33.0,1,0,32.4,0.9,0,33.6,0.8,0,33.4,0.7,0,32.5,1,0,31.8,1,0,30.3,1,0,29.6,0,0,29.1,-,0,28.7,-,0,28.1,-,0,27.8,-
\20240909,0,32,26,1,0.5,0,5.1,0,26.7,0.4,0,29.4,1,0,29.1,0.7,0,30.6,0.2,0,31.2,0,0,31.9,0.3,0,31.0,0.4,0,31.1,0.3,0,31.2,0.6,0,29.5,1,0,28.5,0.2,0,27.2,-,0,26.9,-,0.5,26.0,-,0,25.6,-
\20240910,0,34,28,0,0,0,8.3,0,28.1,1,0,29.1,0.7,0,30.4,0.6,0,30.7,0,0,33.0,0.5,0,33.6,1,0,33.1,1,0,33.6,1,0,32.1,1,0,31.1,1,0,29.9,0.5,0,29.3,-,0,28.8,-,0,28.3,-,0,28.1,-
\20240911,0,34,28,0,0,0,10.4,0,29.2,0.9,0,30.0,1,0,31.5,1,0,32.2,1,0,33.5,1,0,34.2,1,0,33.3,1,0,32.6,1,0,32.1,1,0,30.9,1,0,29.6,0.5,0,29.4,-,0,29.0,-,0,28.5,-,0,28.2,-
\20240912,0,34,28,0,0,0,10.2,0,29.7,0.9,0,31.8,1,0,32.2,1,0,32.6,1,0,32.8,1,0,33.8,1,0,33.3,1,0,32.4,1,0,31.4,1,0,30.6,1,0,29.5,0.3,0,29.3,-,0,28.9,-,0,28.4,-,0,28.0,-
\20240913,0,33,28,0,0,0,10.3,0,29.5,1,0,30.2,1,0,31.2,1,0,31.6,1,0,32.6,1,0,31.8,1,0,32.1,1,0,31.9,1,0,31.0,1,0,30.3,1,0,29.5,0.3,0,28.9,-,0,28.5,-,0,28.3,-,0,28.4,-
\20240914,0,33,28,0,0,0,10.5,0,29.6,1,0,30.6,1,0,31.2,1,0,31.6,1,0,31.8,1,0,32.6,1,0,32.1,1,0,31.8,1,0,31.2,1,0,30.3,1,0,29.6,0.5,0,29.0,-,0,28.4,-,0,28.2,-,0,28.1,-
\20240915,0,33,29,0,0,0,9.8,0,29.9,1,0,30.2,1,0,31.0,1,0,31.6,1,0,32.3,1,0,32.6,1,0,32.5,1,0,31.8,1,0,31.4,1,0,29.8,0.8,0,29.0,0,0,28.7,-,0,28.7,-,0,28.7,-,0,28.6,-
\20240916,0,29,24,0,0,0,0.1,0,26.4,0,0,26.6,0,0,27.3,0,0,27.5,0,0,28.6,0.1,0,27.2,0,0,26.9,0,0,26.7,0,0,26.2,0,0,25.4,0,0,24.5,0,0,24.2,-,0,24.0,-,0,24.0,-,0,23.6,-
\20240917,0,31,24,0,0,0,8.7,0,24.3,0.1,0,26.3,0.3,0,28.4,1,0,29.8,1,0,30.7,1,0,31.2,1,0,31.3,1,0,30.7,1,0,30.4,1,0,29.2,1,0,28.6,0.3,0,28.1,-,0,28.0,-,0,27.8,-,0,27.9,-
\20240918,0,34,26,2,3,0,6.8,0,30.2,1,0,31.6,1,0,31.6,1,0,32.4,1,0,33.4,1,0,34.5,1,0,33.3,0.8,0,31.2,0,0,30.3,0,0,29.8,0,0,29.7,0,0,28.8,-,1,26.1,-,2,26.2,-,0,26.0,-
\20240919,0,33,27,0,0,0,3.3,0,26.9,0,0,27.2,0.1,0,28.6,0.2,0,29.7,0.7,0,30.3,0.5,0,31.3,0.9,0,32.7,0.8,0,31.5,0.1,0,31.2,0,0,29.1,0,0,29.4,0,0,28.6,-,0,28.3,-,0,27.6,-,0,26.7,-
\20240920,0,34,29,0,0,0,5.9,0,28.6,1,0,29.8,0.7,0,28.8,0,0,29.7,0,0,31.4,0,0,32.3,0.3,0,33.1,1,0,33.5,1,0,32.7,1,0,31.6,0.9,0,30.2,0,0,29.2,-,0,28.9,-,0,29.4,-,0,29.0,-
\20240921,0,31,24,0,0,0,0.7,0,29.4,0,0,30.1,0,0,31.0,0.6,0,30.8,0,0,31.3,0,0,31.0,0,0,30.6,0,0,30.0,0,0,29.9,0.1,0,29.0,0,0,28.8,0,0,28.5,-,0,24.7,-,0,24.3,-,0,23.8,-
\20240922,0,30,24,1,0.5,0,0.1,0,27.7,0,0.5,27.6,0,0,28.2,0,0,28.3,0,0,28.7,0,0,29.7,0,0,27.3,0,0,25.8,0.1,0,25.2,0,0,25.7,0,0,25.6,0,0,24.0,-,0,24.3,-,0,24.3,-,0,23.8,-
\20240923,0,26,20,0,0,0,5.5,0,21.7,0,0,22.4,0,0,23.0,0,0,24.1,0,0,25.0,0.7,0,26.0,0.8,0,25.9,1,0,25.0,1,0,24.1,1,0,22.5,1,0,21.4,0,0,21.1,-,0,20.7,-,0,20.2,-,0,19.8,-
\20240924,0,25,19,0,0,0,9.7,0,20.8,0.9,0,22.4,1,0,23.4,0.9,0,23.7,1,0,24.7,0.9,0,24.4,1,0,24.4,1,0,23.8,1,0,22.9,1,0,21.8,1,0,20.6,0,0,20.1,-,0,19.8,-,0,19.3,-,0,18.9,-
\20240925,0,22,19,0,0,0,0,0,19.2,0,0,20.6,0,0,21.3,0,0,21.0,0,0,21.3,0,0,21.6,0,0,21.5,0,0,22.4,0,0,21.8,0,0,21.4,0,0,21.0,0,0,20.6,-,0,20.7,-,0,20.6,-,0,20.4,-
\20240926,0,29,23,0,0,0,4.1,0,22.9,0,0,23.9,0,0,25.5,0.1,0,26.7,0.7,0,28.1,1,0,29.3,1,0,27.9,0.8,0,27.8,0,0,28.0,0.5,0,27.5,0,0,26.1,0,0,24.7,-,0,23.4,-,0,22.9,-,0,22.8,-
\20240927,0,24,23,9,14.5,0,0,0,22.9,0,0,23.4,0,0.5,23.6,0,1.5,23.6,0,2,23.5,0,1,23.8,0,1,23.9,0,0,23.5,0,2,23.2,0,4,23.2,0,1.5,22.9,0,1,22.9,-,0,22.9,-,0,23.0,-,0,23.0,-
\20240928,0,26,22,0,0,0,1.6,0,23.4,0,0,24.7,0.3,0,25.5,0,0,26.4,0.8,0,26.1,0.3,0,26.0,0,0,25.8,0.2,0,24.9,0,0,24.4,0,0,23.8,0,0,23.2,0,0,22.8,-,0,22.6,-,0,22.4,-,0,22.3,-
\20240929,0,25,22,0,0,0,0,0,22.8,0,0,23.5,0,0,24.5,0,0,24.8,0,0,25.1,0,0,24.4,0,0,24.4,0,0,24.0,0,0,23.4,0,0,22.8,0,0,22.5,0,0,22.1,-,0,22.0,-,0,21.9,-,0,21.7,-
\20240930,0,25,21,0,0,0,0.7,0,21.4,0,0,22.2,0,0,22.9,0,0,22.9,0,0,25.1,0.3,0,25.3,0.4,0,25.0,0,0,24.9,0,0,24.4,0,0,23.6,0,0,22.8,0,0,22.2,-,0,22.1,-,0,21.9,-,0,21.4,-
\20241001,0,27,21,0,0,0,0.7,0,20.7,0,0,21.2,0,0,22.7,0,0,23.3,0,0,24.4,0,0,24.0,0,0,24.0,0,0,25.2,0,0,26.3,0.3,0,26.7,0.4,0,25.9,0,0,25.3,-,0,25.1,-,0,25.0,-,0,25.2,-
\20241002,0,30,26,0,0,0,7.7,0,25.6,1,0,27.4,1,0,28.0,1,0,29.0,1,0,30.0,1,0,30.1,1,0,30.5,1,0,29.6,0.3,0,29.4,0.4,0,28.2,0,0,27.3,0,0,26.5,-,0,26.1,-,0,26.0,-,0,26.2,-
\20241003,0,25,21,0,0,0,0.6,0,21.9,0.2,0,22.7,0,0,22.5,0,0,22.9,0,0,23.4,0,0,24.7,0.2,0,24.1,0.2,0,23.7,0,0,22.6,0,0,21.2,0,0,21.2,0,0,21.5,-,0,21.3,-,0,21.4,-,0,21.7,-
\20241004,0,30,26,2,1,0,7,0.5,25.5,0.7,0,26.6,0.1,0.5,27.5,0.5,0,28.4,1,0,28.3,1,0,29.5,1,0,28.5,1,0,28.4,1,0,27.2,0.7,0,26.7,0,0,25.9,0,0,25.9,-,0,25.8,-,0,25.5,-,0,25.5,-
\20241005,0,23,20,5,5.5,0,0,0,22.3,0,0,22.1,0,0,23.2,0,0,22.8,0,0,22.1,0,1,21.0,0,1.5,20.9,0,2,20.6,0,0.5,20.3,0,0.5,20.0,0,0,20.0,0,0,20.0,-,0,20.0,-,0,19.8,-,0,19.9,-
\20241006,0,23,20,0,0,0,0.3,0,20.4,0,0,20.9,0,0,21.6,0,0,22.3,0,0,22.8,0,0,22.8,0,0,22.1,0,0,22.4,0,0,23.3,0.3,0,23.0,0,0,22.3,0,0,21.5,-,0,21.7,-,0,21.3,-,0,21.1,-
\20241007,0,28,23,0,0,0,9.4,0,23.1,1,0,25.7,1,0,26.3,1,0,27.7,1,0,28.2,1,0,28.2,1,0,28.3,1,0,28.0,0.8,0,27.5,1,0,26.5,0.6,0,25.9,0,0,25.8,-,0,25.8,-,0,25.7,-,0,25.7,-
\20241008,0,21,15,9,9,0,0,0,21.1,0,0.5,20.3,0,0,19.7,0,0,18.9,0,0,18.5,0,1,18.2,0,0.5,17.9,0,0.5,16.5,0,0,17.0,0,0,16.9,0,0.5,16.4,0,1,15.2,-,1.5,15.2,-,2.5,15.3,-,1,15.5,-
\20241009,0,17,16,7,20,0,0,5,15.5,0,6,15.6,0,4,15.8,0,2.5,16.2,0,0,16.6,0,0,16.5,0,1.5,16.2,0,0.5,16.4,0,0.5,16.7,0,0,16.5,0,0,16.2,0,0,16.4,-,0,16.6,-,0,16.6,-,0,16.4,-
\20241010,0,21,16,0,0,0,0,0,17.1,0,0,18.1,0,0,18.2,0,0,19.3,0,0,21.0,0,0,20.8,0,0,21.0,0,0,20.6,0,0,20.0,0,0,19.4,0,0,18.8,0,0,17.9,-,0,17.2,-,0,16.8,-,0,16.3,-
\20241011,0,24,17,0,0,0,8.4,0,17.2,1,0,19.4,1,0,20.4,1,0,21.6,1,0,22.2,1,0,23.5,1,0,23.6,1,0,23.4,0.9,0,23.2,0.5,0,21.9,0,0,20.8,0,0,19.5,-,0,19.2,-,0,18.0,-,0,17.4,-
\20241012,0,25,18,0,0,0,9.6,0,19.3,1,0,21.5,1,0,22.6,1,0,24.0,1,0,23.0,1,0,24.9,0.9,0,24.9,1,0,24.6,1,0,24.1,1,0,22.2,0.7,0,21.4,0,0,20.6,-,0,19.8,-,0,19.1,-,0,18.5,-
\20241013,0,26,18,0,0,0,9.8,0,20.0,1,0,21.9,1,0,23.4,1,0,24.0,1,0,24.5,1,0,25.6,1,0,24.9,1,0,24.8,1,0,24.1,1,0,22.3,0.8,0,20.7,0,0,19.0,-,0,18.8,-,0,18.4,-,0,17.8,-
\20241014,0,25,19,0,0,0,9.2,0,19.5,1,0,21.2,1,0,22.8,1,0,23.2,0.9,0,24.2,0.8,0,24.9,0.9,0,24.6,0.9,0,23.8,1,0,22.8,0.9,0,21.3,0.8,0,20.5,0,0,20.2,-,0,19.6,-,0,19.4,-,0,18.8,-
\20241015,0,27,20,0,0,0,9.1,0,20.4,0.9,0,22.3,1,0,24.5,1,0,25.2,1,0,25.4,1,0,26.4,0.5,0,26.5,1,0,26.7,1,0,25.9,1,0,24.1,0.7,0,23.0,0,0,21.7,-,0,21.0,-,0,21.1,-,0,21.7,-
\20241016,0,27,22,0,0,0,0.7,0,21.8,0.1,0,23.2,0.2,0,24.6,0,0,25.2,0,0,26.2,0,0,26.1,0,0,26.7,0.3,0,25.4,0.1,0,24.8,0,0,24.0,0,0,23.4,0,0,23.2,-,0,22.9,-,0,22.3,-,0,22.1,-
\20241017,0,24,21,0,0,0,0.3,0,22.0,0,0,22.4,0,0,22.5,0,0,22.1,0,0,22.6,0,0,24.5,0,0,24.1,0,0,24.0,0,0,23.6,0.3,0,22.9,0,0,22.6,0,0,22.0,-,0,21.7,-,0,21.3,-,0,20.8,-
\20241018,0,24,20,4,4,0,0,0,20.3,0,0,21.4,0,0,22.8,0,0,22.4,0,0.5,22.5,0,0,23.1,0,0.5,22.8,0,0,23.2,0,0,23.5,0,2,22.6,0,0,22.3,-,0,22.4,-,0,22.2,-,1,22.0,-,0,21.2,-
\20241019,0,28,23,0,0,0,6.3,0,23.7,0.7,0,24.3,1,0,25.5,1,0,26.9,0.9,0,27.1,0.5,0,27.7,0.8,0,28.0,1,0,26.9,0.4,0,25.7,0,0,25.2,0,0,25.3,-,0,25.9,-,0,25.1,-,0,24.3,-,0,23.0,-
\20241020,0,18,13,0,0,0,6.6,0,15.3,0,0,15.8,0,0,16.8,0.1,0,17.6,1,0,17.8,0.9,0,18.5,1,0,18.4,1,0,17.8,1,0,17.0,1,0,15.8,0.6,0,15.1,-,0,14.6,-,0,14.1,-,0,13.4,-,0,12.9,-
\20241021,0,20,13,0,0,0,4.1,0,12.8,0,0,13.5,0,0,16.5,0.8,0,17.6,1,0,18.7,0.2,0,18.6,0.1,0,19.4,0.5,0,19.8,1,0,18.8,0.5,0,18.3,0,0,17.8,-,0,17.6,-,0,17.5,-,0,17.3,-,0,17.0,-
\20241022,0,25,17,0,0,0,6.2,0,17.3,1,0,19.8,1,0,21.0,0.6,0,21.7,0.8,0,23.0,1,0,24.1,1,0,24.6,0.7,0,23.8,0.1,0,22.6,0,0,22.4,0,0,22.1,-,0,21.6,-,0,20.9,-,0,20.4,-,0,20.2,-
\20241023,0,26,21,1,1.5,0,0.6,0,20.6,0,0,22.3,0.3,0,23.7,0,0,25.0,0,0,26.1,0,0,26.5,0.3,0,23.8,0,0,24.7,0,1.5,24.2,0,0,25.0,0,0,24.7,-,0,24.8,-,0,24.8,-,0,24.7,-,0,24.5,-
\20241024,0,25,21,0,0,0,2.1,0,22.5,0.6,0,23.6,1,0,23.9,0.5,0,24.5,0,0,24.6,0,0,24.6,0,0,24.2,0,0,24.2,0,0,23.7,0,0,22.7,0,0,22.4,-,0,22.2,-,0,21.9,-,0,21.3,-,0,21.2,-
\20241025,0,21,18,0,0,0,0,0,19.5,0,0,19.3,0,0,19.8,0,0,20.0,0,0,20.1,0,0,20.5,0,0,21.0,0,0,20.7,0,0,20.5,0,0,20.2,0,0,20.0,-,0,19.9,-,0,19.5,-,0,18.9,-,0,18.5,-
\20241026,0,21,19,0,0,0,0,0,19.1,0,0,19.1,0,0,19.9,0,0,20.7,0,0,21.0,0,0,20.9,0,0,20.9,0,0,20.8,0,0,20.3,0,0,20.0,0,0,19.7,-,0,19.4,-,0,19.4,-,0,18.9,-,0,18.8,-
\20241027,0,24,19,1,0.5,0,3.8,0,18.8,1,0,21.0,1,0,21.7,1,0,22.8,0.8,0,23.2,0,0,24.0,0,0,23.4,0,0,23.0,0,0,22.3,0,0,21.5,0,0,21.1,-,0,21.0,-,0,20.7,-,0.5,20.3,-,0,20.2,-
\20241028,0,21,18,2,2.5,0,0,1,18.2,0,1.5,18.5,0,0,19.2,0,0,19.4,0,0,19.6,0,0,20.5,0,0,20.4,0,0,20.6,0,0,20.2,0,0,19.5,0,0,19.2,-,0,19.2,-,0,18.8,-,0,18.7,-,0,18.5,-
\20241029,0,17,12,8,17,0,0,0,16.0,0,0,16.5,0,0,16.5,0,0,17.3,0,0,17.0,0,0,16.9,0,0.5,16.2,0,0,15.5,0,1,14.6,0,1.5,14.2,0,1.5,13.6,-,3.5,13.1,-,3,12.9,-,3,12.6,-,3,12.5,-
\20241030,0,21,14,2,3.5,0,2.2,2,14.2,0,1.5,15.7,0,,,0,,,0,,,0.3,,,0.4,,,0.5,,,0.7,,,0.3,0,21.1,0,0,19.4,-,0,18.6,-,0,17.4,-,0,16.3,-,0,15.9,-
\20241031,0,20,14,0,0,0,6.8,0,15.7,0.9,0,17.4,1,0,17.9,1,0,19.0,1,0,19.1,0.9,0,19.9,0.5,0,20.4,1,0,20.2,0.5,0,19.7,0,0,17.3,0,0,15.9,-,0,14.6,-,0,14.2,-,0,14.2,-,0,13.5,-
\20241101,0,22,15,0,0,0,3.8,0,14.6,0.8,0,16.9,1,0,18.7,0.9,0,20.2,0.9,0,21.5,0.2,0,22.0,0,0,21.9,0,0,21.0,0,0,20.4,0,0,19.9,0,0,19.6,-,0,19.3,-,0,17.8,-,0,17.5,-,0,16.4,-
\20241102,0,18,15,12,39,0,0,2,15.1,0,0.5,15.6,0,3,15.8,0,3.5,16.3,0,0,16.5,0,0,16.8,0,0,16.9,0,0.5,16.9,0,0.5,17.1,0,3,17.2,0,13,17.6,-,7.5,17.3,-,2.5,16.6,-,2.5,16.5,-,0.5,16.4,-
\20241103,0,21,13,0,0,0,9,0,16.7,1,0,18.4,1,0,18.3,0.6,0,19.3,1,0,20.3,1,0,21.1,1,0,21.0,1,0,21.0,1,0,20.2,1,0,17.9,0.4,0,16.7,-,0,15.9,-,0,15.3,-,0,14.0,-,0,13.2,-
\20241104,0,22,13,0,0,0,9.3,0,13.3,1,0,15.2,1,0,16.5,1,0,18.7,1,0,20.9,1,0,22.2,1,0,22.5,1,0,21.9,1,0,21.8,1,0,21.0,0.3,0,20.5,-,0,19.9,-,0,20.1,-,0,20.8,-,0,17.4,-
\20241105,0,19,15,0,0,0,1.9,0,15.0,0,0,17.0,0.5,0,18.7,1,0,19.0,0.4,0,18.7,0,0,18.6,0,0,18.4,0,0,18.5,0,0,17.9,0,0,17.2,0,0,16.9,-,0,16.8,-,0,16.8,-,0,15.8,-,0,15.4,-
\20241106,0,16,13,0,0,0,0.8,0,13.5,0,0,14.3,0.4,0,14.8,0,0,15.0,0,0,16.3,0.2,0,15.0,0.1,0,15.1,0,0,15.1,0,0,14.9,0,0,14.4,0.1,0,14.1,-,0,14.2,-,0,13.8,-,0,13.5,-,0,12.9,-
\20241107,0,18,11,0,0,0,9.3,0,12.2,1,0,14.4,1,0,15.5,1,0,16.1,1,0,16.6,1,0,17.2,1,0,17.7,1,0,16.8,1,0,15.7,1,0,14.3,0.3,0,13.2,-,0,12.4,-,0,12.1,-,0,11.5,-,0,11.0,-
\20241108,0,15,9,0,0,0,8.7,0,10.8,1,0,12.0,1,0,13.0,1,0,13.8,1,0,14.6,1,0,15.1,0.7,0,15.4,0.7,0,15.1,1,0,14.4,1,0,13.3,0.3,0,12.1,-,0,11.5,-,0,10.5,-,0,10.3,-,0,9.2,-
\20241109,0,17,9,0,0,0,8.8,0,8.6,1,0,11.3,1,0,13.0,1,0,15.1,1,0,16.2,1,0,16.6,1,0,17.0,1,0,16.9,1,0,15.9,0.8,0,15.2,0,0,14.7,-,0,14.3,-,0,13.9,-,0,13.7,-,0,12.9,-
\20241110,0,17,12,1,0.5,0,0.6,0,11.7,0,0,12.5,0,0,13.2,0,0,14.5,0,0,15.2,0.1,0,16.2,0,0,17.2,0.1,0,17.3,0.2,0,17.1,0.2,0,16.7,0,0,15.8,-,0,14.8,-,0,15.1,-,0,15.2,-,0.5,13.3,-
\20241111,0,21,14,0,0,0,0,0,15.2,-,0,16.2,-,0,16.6,-,0,17.8,-,0,18.8,-,0,19.2,-,0,20.1,-,0,20.6,-,0,19.8,-,0,18.4,-,0,17.4,-,0,17.0,-,0,16.6,-,0,15.0,-,0,13.6,-
\20241112,0,20,14,0,0,0,2.7,0,14.3,1,0,15.5,0.5,0,16.6,0.4,0,17.7,0,0,18.5,0,0,19.8,0.1,0,19.5,0,0,19.8,0.1,0,19.4,0.5,0,17.3,0.1,0,17.3,-,0,16.3,-,0,17.3,-,0,17.2,-,0,17.2,-
\20241113,0,20,14,0,0,0,9.2,0,15.2,1,0,17.7,1,0,18.5,1,0,19.1,1,0,19.8,1,0,19.5,1,0,19.0,1,0,18.6,1,0,16.9,1,0,16.0,0.2,0,15.1,-,0,15.2,-,0,15.0,-,0,14.7,-,0,13.9,-
\20241114,0,19,13,0,0,0,3.3,0,13.4,0.8,0,15.0,1,0,17.8,1,0,18.5,0.5,0,19.2,0,0,19.0,0,0,18.4,0,0,18.5,0,0,18.2,0,0,17.7,0,0,17.5,-,0,17.4,-,0,17.0,-,0,16.8,-,0,16.7,-
\20241115,0,17,15,5,3.5,0,0,0.5,14.6,0,1.5,14.7,0,0.5,15.2,0,0,15.4,0,0.5,15.5,0,0.5,15.9,0,0,16.4,0,0,16.7,0,0,16.8,0,0,16.8,0,0,16.8,-,0,16.9,-,0,16.6,-,0,16.2,-,0,16.3,-
\20241116,0,20,14,0,0,0,2.3,0,14.3,0.6,0,16.4,0.8,0,17.4,0.7,0,18.2,0.2,0,19.5,0,0,19.7,0,0,19.7,0,0,19.4,0,0,18.6,0,0,18.0,0,0,17.7,-,0,17.2,-,0,16.9,-,0,16.6,-,0,16.2,-
\20241117,0,24,16,0,0,0,5.1,0,16.1,0.2,0,19.0,0.3,0,20.0,0.6,0,20.3,0.9,0,22.0,1,0,22.6,0.9,0,23.6,0.4,0,22.9,0.3,0,22.2,0.5,0,20.7,0,0,20.4,-,0,19.9,-,0,18.8,-,0,18.2,-,0,18.2,-
\20241118,0,14,11,0,0,0,0.2,0,13.8,0,0,12.7,0,0,11.7,0,0,12.2,0,0,12.6,0,0,13.0,0,0,13.3,0,0,13.7,0,0,13.4,0.2,0,12.7,0,0,10.9,-,0,12.1,-,0,10.9,-,0,10.7,-,0,11.2,-
\20241119,0,12,7,0,0,0,9,0,6.6,0.7,0,8.8,1,0,9.9,1,0,10.6,1,0,11.4,1,0,11.9,1,0,11.8,1,0,11.7,1,0,10.7,1,0,9.8,0.3,0,8.6,-,0,9.0,-,0,8.4,-,0,7.6,-,0,7.0,-
\20241120,0,8,6,5,3,0,0.2,0,6.0,0,0.5,6.2,0,1,6.2,0,0,7.2,0,0,8.2,0.2,0,7.9,0,0,7.8,0,0,7.8,0,0,7.7,0,0,7.6,0,0,7.6,-,0.5,7.4,-,0.5,7.3,-,0,7.6,-,0.5,7.7,-
\20241121,0,12,9,3,2,0,0,0.5,9.9,0,0,10.2,0,0,10.7,0,0,10.8,0,0,11.1,0,0,12.0,0,0,11.8,0,1,11.8,0,0,12.0,0,0,11.9,0,0.5,11.1,-,0,10.6,-,0,9.5,-,0,9.2,-,0,8.7,-
\20241122,0,18,8,0,0,0,9.1,0,8.5,1,0,11.3,1,0,12.8,1,0,15.1,1,0,16.7,1,0,17.0,1,0,18.1,1,0,17.5,1,0,16.2,1,0,13.5,0.1,0,12.7,-,0,11.2,-,0,10.8,-,0,11.2,-,0,10.7,-
\20241123,0,15,8,0,0,0,7.7,0,10.6,0.7,0,11.2,0.3,0,12.4,0.7,0,14.3,0.9,0,14.5,1,0,15.0,1,0,15.1,1,0,14.9,1,0,14.0,1,0,12.9,0.1,0,11.7,-,0,10.5,-,0,9.6,-,0,8.4,-,0,8.4,-
\20241124,0,14,8,0,0,0,9.1,0,8.2,1,0,10.5,1,0,11.5,1,0,12.7,1,0,12.7,1,0,13.2,1,0,13.8,1,0,13.5,1,0,12.8,1,0,10.9,0.1,0,10.8,-,0,9.7,-,0,9.5,-,0,8.9,-,0,8.0,-
\20241125,0,14,6,0,0,0,9.2,0,7.0,1,0,9.4,1,0,11.3,1,0,12.8,1,0,12.7,1,0,13.3,1,0,13.8,1,0,13.8,1,0,12.7,1,0,11.4,0.2,0,9.4,-,0,8.2,-,0,7.2,-,0,6.5,-,0,6.3,-
\20241126,0,14,6,1,0.5,0,6.4,0,6.1,0.6,0,9.1,1,0,11.3,1,0,13.0,1,0,13.8,1,0,14.3,1,0,14.5,0.5,0,14.3,0.3,0,13.8,0,0,13.2,0,0,12.5,-,0,11.7,-,0,11.3,-,0,10.9,-,0.5,10.3,-
\20241127,0,20,12,0,0,0,6.7,0,11.9,0.4,0,13.2,0,0,15.1,0.7,0,16.9,1,0,19.6,0.9,0,20.0,1,0,20.4,1,0,19.6,0.9,0,18.7,0.8,0,18.3,0,0,17.5,-,0,17.5,-,0,16.7,-,0,16.4,-,0,15.5,-
\20241128,0,17,10,0,0,0,9.1,0,12.5,1,0,13.8,1,0,16.4,1,0,17.4,1,0,17.2,1,0,17.0,1,0,16.7,1,0,16.0,1,0,14.9,1,0,13.9,0.1,0,13.1,-,0,12.5,-,0,10.4,-,0,11.3,-,0,11.3,-
\20241129,0,16,7,0,0,0,6.7,0,11.3,0.2,0,12.6,0.5,0,13.9,0.5,0,15.0,0.7,0,15.7,1,0,16.0,1,0,16.2,1,0,15.9,1,0,14.7,0.8,0,13.6,0,0,12.2,-,0,10.0,-,0,9.9,-,0,7.7,-,0,6.8,-
\20241130,0,15,7,0,0,0,9,0,7.1,0.9,0,10.4,1,0,12.1,1,0,13.8,1,0,14.9,1,0,15.3,1,0,15.2,1,0,15.0,1,0,14.1,1,0,12.5,0.1,0,10.2,-,0,9.3,-,0,8.5,-,0,7.6,-,0,9.6,-
\20241201,0,16,8,0,0,0,8.9,0,7.8,0.8,0,10.8,1,0,13.6,1,0,13.9,1,0,14.9,1,0,16.1,1,0,16.3,1,0,15.6,1,0,14.9,1,0,12.3,0.1,0,10.7,-,0,9.7,-,0,8.8,-,0,9.6,-,0,9.0,-
\20241202,0,16,9,0,0,0,6.3,0,9.0,0.1,0,10.8,0.3,0,13.1,1,0,14.8,1,0,15.9,1,0,16.0,1,0,16.2,1,0,15.0,0.5,0,15.7,0.4,0,14.2,0,0,12.7,-,0,11.9,-,0,9.9,-,0,9.4,-,0,9.2,-
\20241203,0,18,8,0,0,0,9.1,0,8.2,1,0,10.4,1,0,12.7,1,0,14.2,1,0,17.0,1,0,16.5,1,0,17.3,1,0,17.5,1,0,16.4,1,0,13.9,0.1,0,12.5,-,0,11.4,-,0,11.2,-,0,10.1,-,0,9.3,-
\20241204,0,18,9,0,0,0,8.6,0,9.0,0.5,0,11.7,1,0,14.0,1,0,15.5,1,0,16.3,1,0,16.8,1,0,17.7,1,0,17.1,1,0,16.2,1,0,14.5,0.1,0,12.7,-,0,13.0,-,0,11.4,-,0,10.4,-,0,9.3,-
\20241205,0,15,8,0,0,0,4.9,0,10.1,0.2,0,11.4,1,0,12.7,0.8,0,13.9,0.7,0,14.2,1,0,14.7,0.8,0,14.7,0.1,0,15.1,0.1,0,14.3,0.2,0,11.5,0,0,11.1,-,0,9.5,-,0,8.8,-,0,8.3,-,0,9.5,-
\20241206,0,16,8,0,0,0,8.8,0,8.3,0.6,0,11.6,1,0,12.9,1,0,13.8,1,0,15.0,1,0,15.6,1,0,15.7,1,0,15.9,1,0,15.1,1,0,13.4,0.2,0,11.7,-,0,10.4,-,0,11.2,-,0,9.3,-,0,9.4,-
\20241207,0,11,6,0,0,0,5.5,0,6.0,0.6,0,7.9,1,0,8.9,1,0,9.9,1,0,10.6,1,0,11.1,0.9,0,11.2,0,0,10.9,0,0,10.4,0,0,9.7,0,0,9.1,-,0,8.9,-,0,8.5,-,0,8.0,-,0,6.5,-
\20241208,0,13,5,0,0,0,7.8,0,4.7,0,0,6.1,0.8,0,8.4,1,0,10.7,1,0,11.8,0.9,0,13.0,1,0,13.2,1,0,12.4,1,0,10.8,1,0,9.6,0.1,0,8.6,-,0,7.7,-,0,7.0,-,0,6.3,-,0,5.7,-
\20241209,0,13,4,0,0,0,9,0,4.3,0.8,0,6.2,1,0,8.2,1,0,9.7,1,0,10.9,1,0,12.3,1,0,12.9,1,0,12.4,1,0,11.5,1,0,10.3,0.2,0,9.1,-,0,8.8,-,0,7.7,-,0,7.1,-,0,6.6,-
\20241210,0,13,4,0,0,0,8.9,0,6.2,0.8,0,8.3,1,0,9.9,1,0,10.7,1,0,12.1,1,0,12.3,1,0,13.0,1,0,12.4,1,0,11.7,1,0,8.8,0.1,0,7.7,-,0,6.5,-,0,5.5,-,0,5.1,-,0,4.5,-
\20241211,0,14,5,0,0,0,6.7,0,5.3,0,0,6.7,0.2,0,9.1,1,0,11.0,1,0,11.8,1,0,13.4,1,0,13.3,1,0,13.5,1,0,12.6,0.5,0,11.2,0,0,10.7,-,0,9.8,-,0,8.4,-,0,7.3,-,0,6.1,-
\20241212,0,10,3,0,0,0,8.9,0,3.1,0.9,0,5.8,1,0,7.7,1,0,9.1,1,0,9.7,1,0,10.2,1,0,9.7,0.8,0,9.8,1,0,9.2,1,0,8.2,0.2,0,7.2,-,0,6.2,-,0,5.8,-,0,5.4,-,0,4.7,-
\20241213,0,7,2,0,0,0,0,0,2.4,0,0,3.9,0,0,4.9,0,0,6.0,0,0,6.8,0,0,7.3,0,0,6.9,0,0,6.7,0,0,6.3,0,0,5.3,0,0,5.5,-,0,5.3,-,0,5.3,-,0,5.0,-,0,5.1,-
\20241214,0,12,5,0,0,0,8.8,0,5.8,0.8,0,7.6,1,0,9.3,1,0,10.3,1,0,10.8,1,0,11.4,1,0,11.5,1,0,11.1,1,0,10.0,1,0,8.4,0,0,7.7,-,0,6.7,-,0,6.4,-,0,5.7,-,0,4.8,-
\20241215,0,12,3,0,0,0,9,0,3.0,0.8,0,4.6,1,0,6.7,1,0,9.3,1,0,10.2,1,0,10.4,1,0,10.7,1,0,11.5,1,0,11.4,1,0,8.9,0.2,0,7.0,-,0,7.7,-,0,9.2,-,0,8.4,-,0,4.7,-
\20241216,0,12,4,0,0,0,8.9,0,5.9,0.7,0,7.8,1,0,8.3,1,0,10.5,1,0,11.4,1,0,11.5,1,0,12.2,1,0,12.4,1,0,11.7,1,0,10.3,0.2,0,7.7,-,0,6.6,-,0,5.9,-,0,4.9,-,0,4.3,-
\20241217,0,13,4,0,0,0,8.8,0,3.9,0.7,0,7.0,1,0,9.5,1,0,11.3,1,0,12.3,1,0,13.1,1,0,13.3,1,0,13.3,1,0,12.4,1,0,9.5,0.1,0,9.9,-,0,8.0,-,0,8.4,-,0,6.2,-,0,5.5,-
\20241218,0,13,4,0,0,0,8.8,0,4.0,0.7,0,6.5,1,0,9.5,1,0,10.4,1,0,11.7,1,0,12.9,1,0,11.6,1,0,11.1,0.8,0,10.3,1,0,9.1,0.3,0,8.3,-,0,6.5,-,0,5.5,-,0,4.5,-,0,4.0,-
\20241219,0,8,2,0,0,0,4.1,0,2.6,0,0,2.4,0,0,2.7,0,0,3.2,0,0,4.2,0,0,7.1,0.9,0,7.6,1,0,7.8,1,0,7.5,1,0,6.2,0.2,0,5.7,-,0,4.2,-,0,4.4,-,0,2.2,-,0,4.2,-
\20241220,0,11,2,0,0,0,6.4,0,1.9,0.7,0,6.3,1,0,7.8,1,0,9.2,1,0,9.8,1,0,10.7,1,0,10.3,0.7,0,9.9,0,0,9.7,0,0,7.7,0,0,8.0,-,0,8.0,-,0,7.1,-,0,6.2,-,0,8.3,-
\20241221,0,15,3,0,0,0,8.5,0,3.2,0.8,0,5.6,1,0,7.8,1,0,11.7,1,0,13.5,1,0,15.4,1,0,15.3,1,0,14.1,1,0,13.5,0.7,0,12.6,0,0,12.1,-,0,12.0,-,0,12.2,-,0,12.5,-,0,11.9,-
\20241222,0,10,3,0,0,0,9.1,0,7.4,0.8,0,8.4,1,0,9.5,1,0,10.0,1,0,10.1,1,0,9.5,1,0,8.9,1,0,8.3,1,0,6.9,1,0,5.7,0.3,0,4.9,-,0,4.3,-,0,3.9,-,0,3.1,-,0,2.7,-
\20241223,0,10,4,0,0,0,9,0,3.8,0.8,0,5.5,1,0,7.3,1,0,8.3,1,0,9.1,1,0,10.1,1,0,10.1,1,0,9.4,1,0,9.0,1,0,7.8,0.2,0,6.1,-,0,4.8,-,0,5.0,-,0,4.1,-,0,3.9,-
\20241224,0,12,3,0,0,0,9,0,3.3,0.7,0,6.5,1,0,8.2,1,0,9.5,1,0,10.6,1,0,11.2,1,0,11.5,1,0,11.2,1,0,10.7,1,0,8.8,0.3,0,8.0,-,0,7.4,-,0,6.3,-,0,5.9,-,0,6.9,-
\20241225,0,10,4,0,0,0,6.3,0,4.1,0.8,0,6.5,1,0,8.3,1,0,9.2,1,0,10.4,1,0,9.9,1,0,10.1,0.5,0,10.4,0,0,9.8,0,0,9.1,0,0,9.1,-,0,7.8,-,0,5.9,-,0,5.3,-,0,5.3,-
\20241226,0,15,4,0,0,0,7.5,0,4.2,0.7,0,6.3,1,0,8.4,1,0,10.4,1,0,12.2,1,0,14.1,1,0,14.8,1,0,14.6,0.6,0,13.8,0.2,0,11.2,0,0,9.3,-,0,12.0,-,0,11.8,-,0,10.7,-,0,10.0,-
\20241227,0,11,4,0,0,0,7.3,0,5.5,0.7,0,7.2,1,0,8.3,1,0,9.7,1,0,10.8,1,0,11.2,1,0,11.3,1,0,11.0,0.6,0,9.3,0,0,8.4,0,0,7.4,-,0,6.6,-,0,5.2,-,0,4.4,-,0,3.8,-
\20241228,0,10,3,0,0,0,7.1,0,3.0,0.3,0,5.2,0.8,0,6.1,0.7,0,7.7,1,0,8.5,1,0,9.2,1,0,10.1,1,0,10.1,0.8,0,9.7,0.5,0,6.1,0,0,5.5,-,0,4.6,-,0,4.1,-,0,3.5,-,0,2.7,-
\20241229,0,11,2,0,0,0,8.7,0,1.6,0.7,0,4.3,1,0,5.6,1,0,7.3,1,0,8.9,1,0,9.5,1,0,10.9,1,0,10.8,1,0,10.6,0.9,0,9.0,0.1,0,7.6,-,0,6.5,-,0,5.5,-,0,5.5,-,0,4.5,-
\20241230,0,10,3,0,0,0,6.7,0,2.6,0.7,0,4.4,0.6,0,6.0,0.8,0,6.9,0.8,0,8.5,0.9,0,9.5,1,0,10.1,1,0,9.0,0.7,0,8.7,0.2,0,7.8,0,0,7.1,-,0,5.3,-,0,4.4,-,0,3.9,-,0,3.5,-
\20241231,0,15,3,0,0,0,7.3,0,2.6,0,0,4.8,0,0,7.5,1,0,10.4,1,0,11.8,1,0,14.1,1,0,14.4,1,0,14.6,1,0,13.6,1,0,13.2,0.3,0,10.9,-,0,9.6,-,0,8.7,-,0,7.8,-,0,7.1,-
\20250101,0,11,3,0,0,0,9.2,0,5.8,0.9,0,7.5,1,0,8.8,1,0,9.9,1,0,10.6,1,0,11.2,1,0,11.4,1,0,11.1,1,0,10.2,1,0,8.3,0.3,0,5.9,-,0,4.6,-,0,3.6,-,0,3.2,-,0,3.5,-
\20250102,0,14,3,0,0,0,8.4,0,2.9,0.6,0,5.7,1,0,8.3,1,0,10.8,1,0,12.1,1,0,13.0,1,0,13.7,1,0,13.2,1,0,12.8,0.8,0,10.5,0,0,10.5,-,0,8.6,-,0,7.2,-,0,6.1,-,0,6.2,-
\20250103,0,6,3,1,0.5,0,1,0,4.3,0,0,4.8,0,0,4.6,0,0,4.7,0,0,4.4,0,0.5,4.5,0,0,5.0,0.2,0,5.5,0.8,0,5.3,0,0,4.9,0,0,4.7,-,0,4.1,-,0,3.4,-,0,3.6,-,0,3.7,-
\20250104,0,8,1,0,0,0,8.9,0,1.2,0.5,0,2.7,1,0,4.2,1,0,5.6,1,0,6.5,1,0,7.2,1,0,7.9,1,0,7.9,1,0,7.7,1,0,5.3,0.4,0,5.6,-,0,3.1,-,0,2.8,-,0,2.5,-,0,3.7,-
</data>